#"redshift 6-7.5"			"redshift 7.5-8.5"			"redshift 8.54-10.1"			"redshift 10-14"
#f070w-f090w	f090w-f115w		f090w-f115w	f115w-f150w		Y-J	J-H		f115w-f150w	f150w-f200w		"y axis"	"x axis"
3.517	3.815		8.47	2.624		11.489	1.797		16.055	1.065
3.357	3.819		8.3420	2.618		11.296	1.754		15.064	1.0
5.077	4.154		9.832	2.523		13.083	2.39		29.563	2.745
4.829	7.48		11.222	2.69		14.738	4.14		41.372	14.188
5.175	4.294		9.939	2.531		13.337	2.4729		30.465	3.135
4.986	7.738		11.342	2.721		14.871	4.352		43.698	14.312
4.024	3.794		8.881	2.579		11.765	1.891		19.05	1.346
5.337	5.023		10.354	2.603		14.372	2.886		33.151	6.139
4.991	7.744		11.345	2.721		14.876	4.355		43.756	14.314
5.13	4.219		9.885	2.527		13.204	2.431		30.02	2.9229
5.16	7.881		11.427	2.746		15.014	4.5		45.257	14.373
5.258	5.862		10.829	2.625		14.735	3.402		32.959	13.233
5.315	4.855		10.262	2.581		14.199	2.78		32.889	4.834
4.597	3.861		9.302	2.513		12.233	2.0699		22.485	1.781
4.8649	7.568		11.259	2.698		14.771	4.208		42.092	14.226
5.3349	5.3360		10.564	2.615		14.602	3.079		32.181	9.924
5.328	4.936		10.307	2.591		14.291	2.832		33.097	5.379
4.918	3.979		9.5860	2.512		12.685	2.239		27.305	2.236
3.7	3.797		8.61	2.635		11.574	1.825		17.461	1.163
3.257	3.803		8.251	2.625		11.019	1.727		14.439	0.96106
3.337	3.818		8.3260	2.621		11.257	1.752		14.93	0.99902
4.44	3.826		9.1990	2.521		12.096	2.015		21.106	1.653
4.751	3.9090		9.408	2.512		12.388	2.127		24.394	1.932
4.830	3.937		9.4760	2.513		12.495	2.167		25.68	2.033
5.012	6.584		11.0	2.647		14.697	3.711		36.492	13.9
5.092	4.171		9.8450	2.524		13.115	2.401		29.684	2.791
5.344	5.2140		10.48	2.616		14.527	3.0		32.712	8.354
4.232	3.801		9.05	2.541		11.923	1.952		19.879	1.491
4.9079	6.884		11.066	2.658		14.696	3.832		37.889	14.013
5.342	5.235		10.494	2.616		14.54	3.019		32.615	8.633
5.343	5.169		10.447	2.615		14.492	2.977		32.857	7.797
4.777	3.915		9.428	2.511		12.419	2.139		24.789	1.963
4.846	3.942		9.493	2.511		12.524	2.179		25.967	2.064
4.865	7.57		11.26	2.699		14.773	4.208		42.101	14.228
5.204	4.362		9.982	2.539		13.458	2.508		30.802	3.317
5.825	8.149		11.63	2.829		15.418	5.012		48.697	14.637
3.375	3.819		8.357	2.62		11.325	1.761		15.174	1.017
3.547	3.812		8.493	2.624		11.501	1.802		16.253	1.077
4.704	3.8940		9.374	2.512		12.336	2.11		23.694	1.885
3.642	3.802		8.566	2.631		11.543	1.815		16.969	1.126
4.135	3.795		8.972	2.556		11.844	1.921		19.453	1.417
4.4520	3.829		9.207	2.52		12.105	2.02		21.185	1.666
5.285	4.668		10.161	2.563		13.958	2.671		32.204	4.031
5.799	8.143		11.626	2.825		15.41	4.992		48.614	14.626
3.371	3.82		8.353	2.62		11.319	1.759		15.147	1.015
5.7249	8.121		11.606	2.819		15.371	4.938		48.321	14.589
4.443	3.8270		9.201	2.521		12.098	2.017		21.123	1.658
4.532	3.845		9.260	2.517		12.176	2.047		21.878	1.73
5.2799	4.650		10.151	2.56		13.929	2.66		32.123	3.972
5.264	5.8330		10.817	2.625		14.733	3.387		32.815	13.169
6.142	8.229		11.696	2.86		15.549	5.249		49.883	14.774
4.938	3.994		9.624	2.514		12.728	2.256		27.696	2.307
5.336	5.3540		10.577	2.614		14.615	3.091		32.149	10.114
4.084	3.794		8.931	2.566		11.806	1.906		19.256	1.382
3.577	3.808		8.5160	2.626		11.512	1.803		16.465	1.0890
4.523	3.845		9.254	2.516		12.168	2.0449		21.782	1.7219
5.214	4.386		10	2.538		13.504	2.5209		30.918	3.378
4.6	3.863		9.305	2.514		12.236	2.072		22.525	1.785
5.974	8.191		11.664	2.846		15.488	5.127		49.289	14.707
4.657	3.88		9.3409	2.515		12.288	2.093		23.122	1.834
5.3379	5.056		10.373	2.606		14.397	2.907		33.108	6.49
3.386	3.821		8.367	2.621		11.343	1.764		15.251	1.02
3.838	3.793		8.728	2.624		11.66	1.853		18.454	1.257
4.833	3.9390		9.478	2.513		12.5	2.171		25.705	2.041
5.127	7.857		11.413	2.742		14.99	4.473		44.993	14.364
5.344	5.172		10.449	2.616		14.495	2.979		32.857	7.831
5.237	4.452		10.041	2.545		13.621	2.557		31.229	3.524
5.176	7.893		11.436	2.75		15.028	4.517		45.387	14.379
3.601	3.805		8.535	2.63		11.526	1.81		16.648	1.105
5.26	4.543		10.093	2.5519		13.767	2.605		31.654	3.7020
4.176	3.8		9.0	2.55		11.88	1.935		19.632	1.451
5.3390	5.057		10.374	2.606		14.4	2.908		33.113	6.498
3.508	3.817		8.464	2.622		11.487	1.797		15.998	1.065
3.404	3.82		8.382	2.619		11.368	1.767		15.368	1.026
4.6699	3.8850		9.352	2.512		12.302	2.097		23.323	1.849
5.144	4.241		9.899	2.529		13.241	2.442		30.151	2.983
3.697	3.797		8.608	2.635		11.572	1.824		17.439	1.16
5.319	4.869		10.27	2.583		14.22	2.791		32.941	4.925
4.587	3.858		9.296	2.513		12.223	2.066		22.389	1.77
3.721	3.796		8.625	2.638		11.584	1.825		17.64	1.172
5.33	4.968		10.323	2.594		14.317	2.851		33.12	5.642
6.206	8.242		11.709	2.867		15.572	5.298		50.116	14.801
3.317	3.815		8.308	2.622		11.214	1.746		14.808	0.98897
6.217	8.246		11.713	2.869		15.581	5.307		50.169	14.807
5.037	4.109		9.79	2.518		12.997	2.362		29.201	2.6309
5.308	4.8		10.232	2.576		14.138	2.748		32.715	4.5539
5.344	5.139		10.423	2.617		14.472	2.96		32.97	7.413
3.498	3.8169		8.454	2.621		11.476	1.795		15.921	1.059
4.16	3.798		8.993	2.551		11.864	1.9289		19.555	1.436
5.2	4.35		9.975	2.538		13.439	2.502		30.751	3.289
5.393	8.0		11.514	2.779		15.177	4.687		46.773	14.45
3.938	3.792		8.809	2.598		11.71	1.87		18.785	1.3
4.331	3.808		9.124	2.528		12.0	1.98		20.387	1.567
5.343	5.089		10.392	2.6119		14.429	2.928		33.063	6.852
5.262	7.942		11.468	2.76		15.091	4.583		45.979	14.405
3.313	3.8140		8.3040	2.622		11.204	1.744		14.78	0.98702
5.342	5.254		10.509	2.614		14.554	3.03		32.543	8.8679
4.846	7.5190		11.238	2.694		14.752	4.172		41.694	14.206
3.805	3.793		8.696	2.636		11.64	1.846		18.289	1.2339
5.017	6.579		11.0	2.648		14.704	3.712		36.487	13.9
5.319	4.881		10.275	2.584		14.231	2.796		32.962	5.0
5.2129	6.0130		10.878	2.632		14.728	3.4780		33.779	13.503
5.271	5.805		10.806	2.625		14.735	3.372		32.681	13.096
5.151	4.253		9.908	2.53		13.262	2.45		30.228	3.015
4.58	3.857		9.291	2.514		12.216	2.064		22.311	1.764
5.342	5.1270		10.412	2.617		14.459	2.951		32.973	7.289
5.275	4.611		10.133	2.557		13.874	2.641		31.969	3.87
5.254	4.514		10.079	2.548		13.723	2.589		31.525	3.642
5.306	5.654		10.745	2.619		14.733	3.292		32.087	12.565
3.448	3.821		8.416	2.621		11.421	1.78		15.625	1.043
5.336	5.023		10.353	2.602		14.37	2.886		33.141	6.1459
4.3450	3.813		9.135	2.527		12.017	1.985		20.474	1.581
4.384	3.816		9.161	2.524		12.049	1.998		20.709	1.6120
4.14	3.796		8.976	2.556		11.85	1.923		19.476	1.423
3.348	3.818		8.335	2.619		11.279	1.754		15	1.0
5.337	5.317		10.553	2.616		14.592	3.069		32.265	9.691
3.41	3.8220		8.387	2.619		11.376	1.77		15.402	1.034
5.996	8.196		11.668	2.848		15.498	5.142		49.371	14.716
5.134	6.234		10.937	2.638		14.712	3.579		34.961	13.722
5.0160	4.087		9.761	2.519		12.942	2.341		28.946	2.565
3.903	3.792		8.782	2.609		11.692	1.864		18.694	1.288
5.39	8.0		11.513	2.778		15.174	4.683		46.755	14.447
5.077	6.41		10.973	2.643		14.708	3.645		35.754	13.821
4.816	7.206		11.135	2.671		14.695	3.9749		39.552	14.093
5.259	4.534		10.089	2.551		13.755	2.601		31.614	3.687
4.421	3.8240		9.187	2.5220		12.082	2.01		20.966	1.6429
5.938	8.181		11.658	2.841		15.471	5.099		49.146	14.691
5.247	7.933		11.462	2.759		15.08	4.573		45.885	14.4
4.907	3.9659		9.568	2.511		12.657	2.228		27.096	2.199
3.302	3.813		8.293	2.62		11.176	1.738		14.707	0.977
5.199	4.345		9.973	2.538		13.431	2.501		30.734	3.28
4.892	6.921		11.072	2.6579		14.692	3.844		38.064	14.02
5.343	5.1060		10.4	2.614		14.442	2.938		33.036	7.039
4.995	6.643		11.019	2.65		14.702	3.736		36.777	13.927
5.0	7.753		11.351	2.722		14.885	4.363		43.86	14.318
4.994	6.642		11.018	2.649		14.7	3.735		36.769	13.926
4.692	3.889		9.367	2.511		12.324	2.104		23.585	1.868
4.152	3.796		8.986	2.552		11.857	1.925		19.52	1.428
3.95	3.791		8.818	2.597		11.718	1.876		18.824	1.31
5.095	4.174		9.848	2.524		13.121	2.404		29.705	2.80
3.47	3.82		8.434	2.622		11.449	1.7870		15.763	1.0539
4.852	7.535		11.244	2.695		14.756	4.182		41.817	14.211
5.191	6.07		10.894	2.633		14.721	3.504		34.107	13.57
4.989	4.055		9.716	2.515		12.866	2.31		28.56	2.478
3.817	3.794		8.7110	2.63		11.647	1.848		18.364	1.241
4.807	7.307		11.163	2.677		14.709	4.029		40.176	14.124
5.343	5.17		10.447	2.616		14.493	2.978		32.86	7.803
5.292	4.711		10.185	2.566		14.017	2.695		32.376	4.176
5.853	8.157		11.637	2.832		15.429	5.036		48.813	14.649
4.929	3.985		9.607	2.513		12.708	2.247		27.529	2.272
4.126	3.798		8.965	2.559		11.839	1.921		19.42	1.415
4.9929	4.062		9.724	2.515		12.879	2.3160		28.635	2.492
4.936	3.994		9.619	2.514		12.723	2.254		27.658	2.298
6.234	8.25		11.717	2.871		15.589	5.32		50.234	14.815
3.547	3.812		8.493	2.624		11.503	1.803		16.248	1.080
3.673	3.799		8.588	2.634		11.558	1.818		17.219	1.144
4.811	7.256		11.148	2.674		14.701	3.9999		39.869	14.109
5.245	5.899		10.84	2.626		14.73	3.419		33.156	13.31
5.162	7.882		11.429	2.747		15.017	4.501		45.27	14.374
4.812	7.278		11.156	2.676		14.708	4.014		40.024	14.118
4.062	3.794		8.9120	2.57		11.789	1.899		19.173	1.367
4.986	6.667		11.023	2.651		14.7	3.745		36.895	13.937
5.263	4.558		10.102	2.554		13.793	2.613		31.733	3.737
6.195	8.241		11.707	2.867		15.57	5.29		50.08	14.798
5.209	4.371		9.99	2.539		13.477	2.513		30.849	3.347
4.759	3.913		9.416	2.512		12.398	2.132		24.5	1.944
5.197	4.342		9.971	2.538		13.427	2.5		30.72	3.274
5.335	5.384		10.599	2.614		14.632	3.113		32.061	10.465
4.0	3.793		8.868	2.583		11.754	1.887		19	1.339
5.33	5.464		10.646	2.6179		14.672	3.166		31.908	11.271
3.463	3.820		8.429	2.6219		11.441	1.784		15.713	1.053
4.284	3.804		9.089	2.534		11.964	1.966		20.13	1.531
4.2709	3.8050		9.080	2.5359		11.955	1.961		20.07	1.519
5.171	4.289		9.934	2.53		13.328	2.468		30.431	3.118
5.022	7.771		11.361	2.726		14.9	4.381		44.055	14.327
4.432	3.824		9.194	2.522		12.09	2.013		21.042	1.651
3.3240	3.817		8.314	2.622		11.228	1.748		14.846	0.994
4.86	7.0209		11.092	2.663		14.694	3.886		38.547	14.047
5.325	5.497		10.665	2.616		14.682	3.187		31.881	11.553
5.342	5.128		10.413	2.617		14.459	2.952		32.97	7.305
5.1639	4.278		9.9260	2.53		13.307	2.463		30.369	3.086
4.369	3.817		9.15	2.526		12.037	1.994		20.616	1.602
5.224	4.414		10.017	2.54		13.552	2.536		31.048	3.444
3.578	3.808		8.516	2.627		11.512	1.803		16.473	1.088
5.335	5.346		10.572	2.615		14.61	3.086		32.165	10.034
5.739	8.127		11.61	2.82		15.381	4.948		48.385	14.596
5.286	4.683		10.169	2.564		13.977	2.679		32.265	4.075
3.434	3.821		8.406	2.62		11.407	1.778		15.554	1.044
3.654	3.802		8.576	2.634		11.551	1.816		17.085	1.134
3.342	3.817		8.329	2.62		11.267	1.752		14.964	0.99895
5.317	4.86		10.264	2.582		14.206	2.785		32.907	4.872
4.829	7.477		11.221	2.69		14.737	4.139		41.351	14.186
5.741	8.127		11.61	2.82		15.381	4.95		48.39	14.596
3.308	3.814		8.3	2.62		11.191	1.742		14.748	0.98297
4.846	3.94		9.492	2.511		12.523	2.178		25.979	2.061
3.498	3.816		8.455	2.621		11.476	1.795		15.924	1.059
4.218	3.803		9.040	2.544		11.912	1.948		19.813	1.483
4.816	7.234		11.145	2.674		14.704	3.99		39.735	14.105
4.879	7.593		11.27	2.7		14.778	4.228		42.311	14.237
5.327	5.476		10.652	2.617		14.673	3.171		31.874	11.387
3.531	3.811		8.48	2.624		11.493	1.797		16.139	1.067
4.417	3.825		9.184	2.523		12.079	2.01		20.935	1.6429
5.148	7.873		11.422	2.745		15.0	4.489		45.165	14.371
4.902	3.965		9.559	2.512		12.641	2.221		26.974	2.1820
5.317	4.871		10.269	2.582		14.218	2.79		32.931	4.936
4.439	3.825		9.198	2.521		12.095	2.014		21.097	1.653
3.847	3.791		8.735	2.621		11.662	1.851		18.487	1.255
4.476	3.833		9.223	2.519		12.128	2.029		21.384	1.685
3.494	3.816		8.451	2.62		11.472	1.792		15.897	1.056
5.227	5.96		10.859	2.629		14.726	3.448		33.473	13.417
3.453	3.821		8.42	2.621		11.428	1.782		15.652	1.046
5.1149	7.85		11.408	2.741		14.981	4.466		44.907	14.362
5.197	4.341		9.97	2.537		13.425	2.499		30.714	3.27
3.647	3.802		8.57	2.632		11.544	1.814		17.028	1.124
3.592	3.807		8.527	2.629		11.521	1.807		16.58	1.0969
3.29	3.81		8.283	2.621		11.134	1.738		14.628	0.97599
3.304	3.814		8.295	2.621		11.182	1.74		14.725	0.97899
4.938	3.994		9.624	2.513		12.728	2.255		27.702	2.306
5.231	7.924		11.455	2.757		15.066	4.56		45.78	14.393
3.429	3.821		8.401	2.619		11.401	1.775		15.525	1.039
5.221	4.4		10.011	2.5389		13.53	2.53		30.993	3.413
5.997	8.197		11.669	2.849		15.5	5.144		49.381	14.718
4.905	7.6380		11.291	2.707		14.806	4.263		42.711	14.26
3.431	3.8210		8.403	2.619		11.403	1.778		15.533	1.045
3.906	3.791		8.782	2.608		11.691	1.863		18.694	1.283
5.218	4.395		10.0	2.538		13.521	2.525		30.965	3.399
5.215	6.0		10.873	2.631		14.724	3.471		33.707	13.482
5.314	4.847		10.257	2.58		14.19	2.775		32.864	4.8
4.653	3.878		9.338	2.514		12.284	2.089		23.088	1.8270
3.941	3.79		8.811	2.597		11.711	1.87		18.791	1.3
4.119	3.797		8.96	2.559		11.832	1.917		19.39	1.407
4.989	4.054		9.716	2.514		12.865	2.3109		28.556	2.48
4.933	3.992		9.617	2.514		12.719	2.251		27.632	2.292
5.254	4.515		10.079	2.5489		13.724	2.59		31.53	3.643
3.395	3.822		8.375	2.621		11.356	1.769		15.302	1.029
4.489	3.835		9.232	2.517		12.138	2.032		21.493	1.6940
6.121	8.224		11.692	2.858		15.543	5.232		49.809	14.765
4.088	3.794		8.934	2.566		11.811	1.909		19.273	1.388
4.371	3.8169		9.153	2.525		12.038	1.994		20.637	1.6029
4.412	3.824		9.181	2.522		12.073	2.0		20.906	1.636
3.677	3.798		8.591	2.633		11.558	1.818		17.256	1.143
3.366	3.8210		8.349	2.62		11.311	1.760		15.11	1.015
5.533	8.058		11.556	2.795		15.268	4.79		47.488	14.502
5.094	4.172		9.847	2.524		13.118	2.403		29.695	2.796
5.245	4.4869		10.062	2.547		13.677	2.573		31.388	3.588
4.878	7.5909		11.27	2.701		14.782	4.227		42.29	14.238
5.197	4.342		9.971	2.537		13.426	2.499		30.717	3.273
5.013	4.085		9.757	2.5190		12.936	2.339		28.916	2.558
5.337	5.314		10.55	2.616		14.59	3.068		32.283	9.6459
3.815	3.793		8.708	2.631		11.645	1.847		18.354	1.239
5.372	7.996		11.509	2.776		15.167	4.673		46.668	14.446
3.73	3.794		8.632	2.639		11.59	1.827		17.723	1.181
5.269	5.81		10.808	2.624		14.732	3.374		32.699	13.107
4.884	3.955		9.536	2.513		12.599	2.207		26.647	2.14
5.101	4.182		9.8540	2.5239		13.133	2.409		29.756	2.818
4.854	7.05		11.1	2.663		14.696	3.9		38.727	14.056
5.11	4.194		9.864	2.524		13.154	2.416		29.843	2.8479
4.846	7.087		11.109	2.666		14.7	3.917		38.931	14.067
3.267	3.806		8.26	2.625		11.065	1.729		14.498	0.962
4.808	7.353		11.178	2.68		14.717	4.058		40.477	14.142
5.327	4.928		10.302	2.5909		14.283	2.827		33.078	5.328
4.949	4.0		9.644	2.512		12.756	2.267		27.892	2.344
5.2050	6.031		10.883	2.632		14.726	3.4869		33.874	13.523
4.675	3.886		9.355	2.512		12.307	2.098		23.377	1.853
4.85	7.069		11.105	2.665		14.699	3.909		38.844	14.062
4.91	7.647		11.294	2.709		14.81	4.27		42.782	14.264
5.297	4.748		10.204	2.569		14.066	2.716		32.515	4.32
4.892	3.965		9.548	2.514		12.621	2.214		26.833	2.162
5.303	5.666		10.75	2.619		14.737	3.299		32.128	12.612
3.374	3.821		8.357	2.62		11.325	1.761		15.169	1.019
4.861	3.949		9.508	2.512		12.552	2.1889		26.24	2.092
4.758	3.914		9.4150	2.513		12.398	2.133		24.48	1.944
5.335	5.35		10.573	2.6149		14.611	3.088		32.148	10.079
5.044	4.12		9.803	2.518		13.022	2.369		29.306	2.6640
4.935	6.802		11.05	2.655		14.699	3.796		37.503	13.984
4.685	3.886		9.362	2.512		12.317	2.102		23.505	1.862
5.304	5.663		10.75	2.62		14.738	3.298		32.126	12.605
5.298	4.738		10.2	2.569		14.055	2.712		32.485	4.2750
4.86	7.023		11.093	2.663		14.695	3.888		38.562	14.049
4.375	3.817		9.155	2.525		12.042	1.996		20.662	1.607
3.292	3.81		8.284	2.62		11.146	1.736		14.648	0.971
5.058	4.134		9.815	2.521		13.048	2.38		29.416	2.696
3.313	3.814		8.303	2.621		11.203	1.7429		14.779	0.98402
4.821	7.458		11.213	2.688		14.733	4.124		41.191	14.179
3.292	3.811		8.285	2.621		11.141	1.739		14.643	0.97899
4.05	3.793		8.903	2.574		11.783	1.9		19.141	1.3659
4.889	7.608		11.277	2.703		14.789	4.238		42.449	14.245
5.331	4.9640		10.321	2.595		14.315	2.849		33.119	5.618
3.549	3.812		8.494	2.624		11.503	1.803		16.261	1.08
5.787	8.139		11.62	2.824		15.401	4.982		48.561	14.618
3.71	3.797		8.618	2.637		11.58	1.826		17.546	1.172
4.366	3.817		9.149	2.527		12.035	1.994		20.601	1.601
4.715	3.898		9.38	2.511		12.344	2.112		23.854	1.891
5.983	8.193		11.665	2.8469		15.492	5.133		49.323	14.71
5.337	5.015		10.349	2.602		14.367	2.882		33.151	6.072
5.339	5.256		10.509	2.614		14.551	3.029		32.509	8.909
5.771	8.136		11.618	2.823		15.396	4.973		48.513	14.612
5.33	4.945		10.313	2.5920		14.3	2.838		33.111	5.46
4.755	3.911		9.413	2.512		12.393	2.131		24.434	1.939
3.312	3.814		8.303	2.621		11.202	1.743		14.775	0.98395
4.941	7.682		11.312	2.712		14.831	4.302		43.154	14.283
5.2429	7.931		11.459	2.758		15.074	4.569		45.854	14.396
5.341	5.145		10.426	2.616		14.471	2.96		32.93	7.491
5.29	4.695		10.176	2.566		13.995	2.686		32.314	4.121
5.341	5.084		10.39	2.611		14.424	2.925		33.059	6.806
5.73	8.123		11.609	2.819		15.376	4.943		48.348	14.592
5.0490	6.489		10.989	2.644		14.704	3.6739		36.088	13.86
3.717	3.797		8.622	2.638		11.583	1.826		17.599	1.174
4.4120	3.825		9.181	2.523		12.074	2.0		20.903	1.638
4.068	3.795		8.917	2.569		11.793	1.901		19.193	1.371
4.59	3.858		9.297	2.514		12.225	2.067		22.417	1.773
3.993	3.791		8.8540	2.587		11.744	1.883		18.95	1.33
3.987	3.793		8.851	2.589		11.742	1.883		18.937	1.329
4.864	3.951		9.511	2.511		12.556	2.19		26.275	2.097
5.029	6.545		11.0	2.646		14.704	3.698		36.355	13.885
3.877	3.794		8.7590	2.617		11.678	1.862		18.607	1.275
4.891	3.964		9.548	2.513		12.62	2.213		26.834	2.159
5.026	4.099		9.777	2.518		12.971	2.351		29.086	2.6
5.267	4.582		10.115	2.556		13.828	2.624		31.829	3.791
5.335	5.38		10.596	2.614		14.629	3.111		32.067	10.424
4.973	6.698		11.029	2.65		14.697	3.755		37.02	13.946
5.335	4.996		10.339	2.599		14.349	2.87		33.149	5.899
4.934	3.992		9.6180	2.514		12.721	2.252		27.639	2.294
3.709	3.797		8.616	2.637		11.579	1.825		17.533	1.169
5.9599	8.187		11.661	2.844		15.48	5.116		49.23	14.7
4.943	7.686		11.314	2.712		14.833	4.3049		43.183	14.285
4.877	3.954		9.527	2.512		12.584	2.201		26.53	2.123
4.92	3.979		9.59	2.512		12.688	2.241		27.344	2.242
4.634	3.8720		9.327	2.514		12.267	2.084		22.881	1.815
4.803	7.332		11.169	2.6789		14.71	4.0419		40.311	14.131
5.156	7.878		11.425	2.746		15.012	4.496		45.224	14.372
4.989	4.058		9.719	2.513		12.87	2.310		28.587	2.481
5.289	4.701		10.179	2.565		14.0	2.687		32.328	4.139
4.31	3.812		9.108	2.532		11.988	1.976		20.271	1.555
4.698	3.892		9.37	2.5119		12.331	2.108		23.637	1.879
4.113	3.797		8.955	2.562		11.83	1.916		19.372	1.406
5.341	5.194		10.463	2.616		14.509	2.991		32.767	8.101
4.484	3.834		9.229	2.518		12.135	2.032		21.447	1.692
3.511	3.817		8.466	2.623		11.488	1.797		16.02	1.066
5.166	6.137		10.913	2.633		14.716	3.534		34.466	13.643
4.726	3.900		9.39	2.512		12.359	2.1179		24.037	1.904
5.342	5.234		10.493	2.616		14.539	3.018		32.621	8.617
4.077	3.7950		8.925	2.568		11.801	1.904		19.233	1.377
5.233	4.445		10.035	2.545		13.606	2.551		31.189	3.507
5.285	5.742		10.781	2.621		14.738	3.339		32.395	12.904
5.341	5.209		10.474	2.6150		14.52	3.0		32.704	8.299
3.414	3.822		8.39	2.618		11.382	1.77		15.428	1.034
5.2429	4.475		10.055	2.548		13.658	2.569		31.341	3.564
4.807	7.294		11.159	2.676		14.705	4.021		40.097	14.12
4.66	3.882		9.344	2.513		12.29	2.092		23.182	1.835
3.839	3.7919		8.729	2.6240		11.659	1.852		18.457	1.254
3.779	3.794		8.668	2.642		11.621	1.836		18.11	1.213
4.9019	6.893		11.066	2.658		14.69	3.834		37.919	14.012
3.283	3.808		8.276	2.622		11.115	1.7339		14.592	0.970
4.819	7.194		11.134	2.67		14.701	3.9689		39.49	14.093
3.707	3.796		8.614	2.637		11.577	1.825		17.517	1.167
5.027	4.0999		9.7780	2.517		12.974	2.35		29.097	2.6029
5.082	4.16		9.8360	2.523		13.095	2.393		29.606	2.759
5.23	5.947		10.855	2.628		14.726	3.441		33.396	13.397
5.338	5.02		10.352	2.603		14.37	2.884		33.152	6.114
5.494	8.044		11.545	2.789		15.246	4.76		47.306	14.487
4.8880	3.96		9.542	2.513		12.609	2.211		26.726	2.152
5.306	5.64		10.737	2.619		14.728	3.281		32.029	12.508
6.0	8.198		11.67	2.849		15.503	5.149		49.408	14.721
5.085	4.164		9.839	2.523		13.101	2.395		29.632	2.768
5.31	4.806		10.236	2.577		14.146	2.752		32.742	4.5819
5.31	4.824		10.245	2.577		14.161	2.761		32.786	4.674
5.198	4.343		9.971	2.537		13.427	2.5		30.722	3.273
4.811	7.262		11.15	2.674		14.702	4.0		39.911	14.111
5.322	4.903		10.286	2.587		14.252	2.809		33.017	5.144
5.333	5.384		10.598	2.613		14.628	3.111		32.049	10.459
3.273	3.808		8.266	2.625		11.083	1.731		14.53	0.96594
5.181	4.31		9.949	2.532		13.365	2.48		30.547	3.179
3.74	3.795		8.639	2.639		11.596	1.831		17.794	1.189
4.245	3.803		9.0610	2.5389		11.934	1.956		19.94	1.502
4.805	7.325		11.168	2.679		14.713	4.039		40.276	14.131
4.41	3.824		9.18	2.522		12.072	2.0		20.893	1.6360
3.395	3.82		8.374	2.621		11.355	1.766		15.304	1.0250
4.5089	3.843		9.245	2.516		12.155	2.037		21.665	1.706
5.3270	5.475		10.651	2.617		14.673	3.171		31.876	11.381
5.703	8.113		11.6	2.816		15.357	4.921		48.226	14.578
4.917	3.978		9.587	2.511		12.683	2.237		27.315	2.235
3.27	3.8079		8.264	2.626		11.072	1.733		14.511	0.97104
5.324	5.510		10.673	2.615		14.688	3.1960		31.874	11.659
3.418	3.821		8.392	2.619		11.385	1.771		15.45	1.035
4.892	3.965		9.5490	2.514		12.621	2.215		26.829	2.162
5.13	4.22		9.886	2.526		13.205	2.431		30.026	2.924
3.61	3.804		8.541	2.628		11.527	1.807		16.719	1.103
3.557	3.81		8.5	2.624		11.504	1.802		16.327	1.08
4.077	3.796		8.925	2.569		11.803	1.907		19.236	1.382
3.349	3.819		8.335	2.62		11.281	1.754		15.0	1.0
5.319	5.557		10.698	2.618		14.705	3.226		31.899	12.0
4.229	3.801		9.0490	2.541		11.921	1.95		19.868	1.489
5.066	4.141		9.822	2.522		13.062	2.384		29.473	2.716
4.281	3.804		9.087	2.534		11.962	1.964		20.118	1.527
4.596	3.861		9.302	2.512		12.232	2.068		22.493	1.778
4.86	7.56		11.255	2.697		14.767	4.2		42.01	14.222
4.893	6.921		11.073	2.658		14.691	3.845		38.067	14.02
5.342	5.193		10.463	2.616		14.508	2.992		32.768	8.0999
4.829	3.936		9.475	2.512		12.493	2.1670		25.655	2.032
5.3379	7.98		11.496	2.772		15.146	4.643		46.467	14.433
4.934	3.990		9.616	2.514		12.719	2.251		27.618	2.292
5.44	8.021		11.526	2.785		15.206	4.718		47.015	14.467
3.309	3.814		8.299	2.621		11.192	1.742		14.752	0.9830
5.342	5.081		10.388	2.611		14.424	2.923		33.074	6.77
5.336	5.344		10.57	2.615		14.609	3.085		32.166	10.02
3.888	3.7920		8.7670	2.613		11.682	1.862		18.645	1.277
5.017	6.568		11.0	2.646		14.698	3.705		36.427	13.893
4.81	7.275		11.154	2.675		14.703	4.01		40	14.114
3.338	3.818		8.326	2.622		11.257	1.752		14.929	1
5.186	7.897		11.439	2.751		15.033	4.524		45.453	14.38
5.062	4.136		9.818	2.521		13.053	2.381		29.438	2.703
4.805	7.339		11.173	2.679		14.713	4.048		40.365	14.136
4.192	3.799		9.018	2.548		11.89	1.938		19.691	1.462
5.322	5.514		10.674	2.615		14.687	3.198		31.853	11.711
4.861	3.949		9.508	2.511		12.549	2.188		26.243	2.0890
5.698	8.114		11.6	2.817		15.358	4.919		48.216	14.578
3.397	3.8210		8.376	2.621		11.359	1.767		15.321	1.027
4.05	3.792		8.902	2.573		11.782	1.898		19.135	1.363
5.049	4.124		9.807	2.52		13.032	2.374		29.341	2.6759
5.221	5.987		10.869	2.631		14.727	3.465		33.644	13.461
4.82	7.171		11.126	2.669		14.698	3.954		39.348	14.085
3.782	3.794		8.671	2.642		11.624	1.838		18.124	1.217
5.859	8.159		11.638	2.833		15.434	5.04		48.839	14.653
5.253	4.516		10.078	2.548		13.725	2.589		31.529	3.643
3.7750	3.794		8.666	2.641		11.619	1.836		18.082	1.211
5.303	4.7889		10.223	2.575		14.117	2.739		32.659	4.492
5.26	4.541		10.092	2.552		13.766	2.603		31.646	3.7
4.817	3.928		9.463	2.511		12.474	2.16		25.462	2.015
4.078	3.7949		8.925	2.568		11.802	1.906		19.237	1.38
5.05	6.485		10.989	2.6440		14.704	3.673		36.07	13.859
5.48	8.038		11.54	2.788		15.235	4.75		47.229	14.48
5.212	4.381		9.997	2.538		13.494	2.519		30.896	3.3679
5.319	4.875		10.272	2.584		14.226	2.794		32.954	4.971
4.35	3.814		9.137	2.527		12.02	1.986		20.504	1.582
5.163	6.155		10.92	2.635		14.721	3.546		34.583	13.662
3.499	3.816		8.455	2.621		11.477	1.796		15.932	1.059
5.252	4.516		10.078	2.548		13.724	2.5890		31.527	3.642
5.0	6.617		11.013	2.649		14.7	3.725		36.651	13.917
3.625	3.8020		8.552	2.628		11.533	1.809		16.833	1.111
4.8589	7.026		11.094	2.663		14.695	3.889		38.578	14.05
3.782	3.796		8.671	2.642		11.625	1.84		18.124	1.22
5.078	4.156		9.832	2.524		13.086	2.391		29.572	2.748
5.2230	5.978		10.866	2.63		14.727	3.459		33.585	13.446
4.547	3.849		9.27	2.517		12.189	2.052		22.0	1.74
5.311	4.812		10.239	2.578		14.152	2.7559		32.761	4.613
4.101	3.794		8.944	2.563		11.819	1.912		19.32	1.394
5.331	4.953		10.317	2.593		14.308	2.8439		33.125	5.523
5.884	8.167		11.645	2.836		15.446	5.061		48.944	14.666
3.317	3.8140		8.306	2.622		11.212	1.744		14.803	0.98702
4.86	7.561		11.255	2.698		14.769	4.201		42.019	14.224
5.316	5.579		10.709	2.618		14.714	3.24		31.91	12.165
4.562	3.855		9.279	2.515		12.201	2.057		22.143	1.751
4.516	3.844		9.249	2.517		12.162	2.041		21.714	1.716
5.177	4.303		9.944	2.531		13.352	2.475		30.502	3.16
3.62	3.803		8.5490	2.6279		11.529	1.808		16.801	1.108
4.371	3.817		9.153	2.526		12.039	1.995		20.631	1.605
4.782	3.918		9.434	2.512		12.428	2.144		24.853	1.974
4.9289	3.9850		9.6070	2.513		12.707	2.245		27.529	2.272
5.613	8.084		11.576	2.805		15.303	4.8509		47.822	14.535
5.201	6.035		10.883	2.631		14.72	3.487		33.888	13.527
5.9869	8.1950		11.667	2.848		15.496	5.138		49.346	14.714
5.28	4.648		10.15	2.56		13.927	2.66		32.12	3.969
5.386	8		11.512	2.778		15.172	4.681		46.737	14.447
5.148	4.251		9.906	2.53		13.257	2.448		30.21	3.0
3.51	3.817		8.465	2.623		11.489	1.798		16.0	1.068
3.341	3.816		8.328	2.62		11.264	1.751		14.958	0.99497
4.936	3.992		9.618	2.515		12.722	2.254		27.641	2.297
5.327	5.458		10.64	2.617		14.664	3.159		31.904	11.204
5.165	6.1440		10.916	2.634		14.717	3.5389		34.509	13.65
4.844	7.519		11.237	2.694		14.752	4.171		41.687	14.205
3.801	3.792		8.691	2.638		11.636	1.845		18.26	1.23
5.3330	5.376		10.592	2.614		14.624	3.106		32.056	10.391
5.169	6.129		10.911	2.633		14.716	3.53		34.417	13.634
4.828	7.141		11.119	2.667		14.695	3.94		39.193	14.077
5.341	5.095		10.395	2.612		14.432	2.931		33.049	6.918
5.343	5.2140		10.479	2.617		14.527	3.0		32.708	8.361
3.509	3.816		8.464	2.622		11.486	1.797		15.996	1.064
5.314	4.837		10.253	2.58		14.18	2.77		32.839	4.744
5.337	5.02		10.352	2.603		14.369	2.885		33.152	6.11
5.441	8.023		11.528	2.785		15.21	4.72		47.027	14.468
4.122	3.798		8.9610	2.56		11.835	1.919		19.4	1.412
5.335	4.999		10.34	2.599		14.351	2.872		33.138	5.939
5.043	4.118		9.801	2.519		13.019	2.369		29.291	2.66
4.828	3.937		9.474	2.512		12.492	2.167		25.643	2.032
4.057	3.793		8.907	2.571		11.786	1.898		19.156	1.364
4.938	3.995		9.624	2.514		12.729	2.258		27.702	2.309
4.4199	3.823		9.186	2.521		12.08	2.0		20.959	1.641
4.902	7.631		11.289	2.705		14.803	4.257		42.66	14.257
4.8910	6.927		11.074	2.658		14.692	3.848		38.099	14.022
5.143	6.204		10.931	2.637		14.716	3.567		34.822	13.704
4.037	3.793		8.892	2.575		11.773	1.895		19.093	1.355
4.777	3.916		9.428	2.512		12.419	2.141		24.756	1.967
4.1320	3.797		8.969	2.558		11.843	1.92		19.44	1.416
4.8589	3.9480		9.5060	2.512		12.547	2.187		26.216	2.087
4.217	3.803		9.038	2.544		11.911	1.947		19.805	1.482
5.065	7.812		11.383	2.732		14.938	4.423		44.492	14.344
5.334	4.997		10.338	2.599		14.348	2.87		33.139	5.913
4.601	3.863		9.305	2.513		12.237	2.071		22.532	1.784
5.24	4.469		10.05	2.547		13.645	2.563		31.301	3.549
