z
25 0.00340842 0.00102113 0.00861716
24.9 0.00346814 0.00103902 0.00876819
24.8 0.00352915 0.00105729 0.00892247
24.7 0.00359147 0.00107596 0.00908007
24.6 0.00365513 0.00109503 0.00924108
24.5 0.00372019 0.00111451 0.0094056
24.4 0.00378666 0.00113442 0.0095737
24.3 0.00385459 0.00115477 0.00974549
24.2 0.00392401 0.00117556 0.00992106
24.1 0.00399497 0.00119681 0.0101005
24 0.00406749 0.00121854 0.0102839
23.9 0.00414164 0.00124074 0.0104714
23.8 0.00421744 0.00126345 0.0106632
23.7 0.00429494 0.00128666 0.0108592
23.6 0.00437419 0.0013104 0.0110596
23.5 0.00445524 0.00133467 0.0112646
23.4 0.00453812 0.0013595 0.0114742
23.3 0.0046229 0.00138489 0.0116886
23.2 0.00470962 0.00141086 0.0119079
23.1 0.00479833 0.00143743 0.0121323
23 0.00488909 0.00146462 0.0123618
22.9 0.00498196 0.00149243 0.0125967
22.8 0.00507699 0.00152089 0.012837
22.7 0.00517425 0.00155002 0.013083
22.6 0.00527379 0.00157984 0.0133348
22.5 0.00537568 0.00161035 0.0135925
22.4 0.00547999 0.00164159 0.0138563
22.3 0.00558678 0.00167358 0.0141264
22.2 0.00569612 0.00170633 0.0144029
22.1 0.00580809 0.00173986 0.0146861
22 0.00592275 0.0017742 0.0149761
21.9 0.0060402 0.00180938 0.0152732
21.8 0.0061605 0.00184541 0.0155774
21.7 0.00628374 0.00188232 0.0158891
21.6 0.00641001 0.00192014 0.0162085
21.5 0.00653938 0.00195888 0.0165357
21.4 0.00667197 0.00199859 0.0168711
21.3 0.00680785 0.00203929 0.0172147
21.2 0.00694712 0.002081 0.017567
21.1 0.0070899 0.00212376 0.0179281
21 0.00723627 0.0021676 0.0182983
20.9 0.00738635 0.00221255 0.0186779
20.8 0.00754025 0.00225864 0.0190672
20.7 0.00769809 0.00230591 0.0194664
20.6 0.00785998 0.00235439 0.0198759
20.5 0.00802605 0.00240413 0.0202959
20.4 0.00819642 0.00245516 0.0207269
20.3 0.00837124 0.00250751 0.021169
20.2 0.00855063 0.00256123 0.0216228
20.1 0.00873473 0.00261637 0.0220884
20 0.00892371 0.00267297 0.0225664
19.9 0.0091177 0.00273106 0.0230571
19.8 0.00931686 0.00279071 0.0235609
19.7 0.00952137 0.00285196 0.0240782
19.6 0.00973139 0.00291486 0.0246094
19.5 0.00994709 0.00297946 0.025155
19.4 0.0101687 0.00304581 0.0257154
19.3 0.0103963 0.00311398 0.0262912
19.2 0.0106302 0.00318403 0.0268828
19.1 0.0108705 0.00325601 0.0274908
19 0.0111175 0.00332998 0.0281156
18.9 0.0113715 0.00340602 0.0287578
18.8 0.0116325 0.0034842 0.0294181
18.7 0.0119009 0.00356457 0.030097
18.6 0.0121769 0.00364722 0.0307951
18.5 0.0124607 0.00373223 0.0315131
18.4 0.0127527 0.00381967 0.0322516
18.3 0.013053 0.00390962 0.0330114
18.2 0.0133621 0.00400217 0.0337932
18.1 0.0136801 0.00409742 0.0345977
18 0.0140075 0.00419545 0.0354257
17.9 0.0143444 0.00429636 0.0362781
17.8 0.0146914 0.00440025 0.0371556
17.7 0.0150486 0.00450722 0.0380592
17.6 0.0154165 0.00461739 0.0389898
17.5 0.0157954 0.00473087 0.0399483
17.4 0.0161858 0.00484777 0.0409358
17.3 0.016588 0.00496823 0.0419532
17.2 0.0170025 0.00509235 0.0430017
17.1 0.0174297 0.00522029 0.0440824
17 0.0178701 0.00535218 0.0451965
16.9 0.0183242 0.00548816 0.0463451
16.8 0.0187924 0.00562838 0.0475296
16.7 0.0192754 0.00577301 0.0487513
16.6 0.0197736 0.0059222 0.0500115
16.5 0.0202876 0.00607613 0.0513118
16.4 0.020818 0.00623497 0.0526536
16.3 0.0213655 0.00639892 0.0540385
16.2 0.0219306 0.00656816 0.0554682
16.1 0.0225142 0.00674291 0.0569444
16 0.0231168 0.00692336 0.0584688
15.9 0.0237392 0.00710976 0.0600433
15.8 0.0243822 0.00730231 0.06167
15.7 0.0250467 0.00750128 0.0633508
15.6 0.0257333 0.00770692 0.0650878
15.5 0.0264432 0.00791948 0.0668835
15.4 0.027177 0.00813924 0.06874
15.3 0.027936 0.0083665 0.0706598
15.2 0.0287209 0.00860157 0.0726456
15.1 0.029533 0.00884475 0.0746999
15 0.0303733 0.00909638 0.0768256
14.9 0.031243 0.00935681 0.0790257
14.8 0.0321433 0.00962641 0.0813032
14.7 0.0330755 0.00990556 0.0836615
14.6 0.0340409 0.0101947 0.0861038
14.5 0.035041 0.0104941 0.0886337
14.4 0.0360772 0.0108044 0.0912551
14.3 0.0371511 0.011126 0.0939718
14.2 0.0382643 0.0114594 0.0967879
14.1 0.0394185 0.011805 0.0997078
14 0.0406155 0.0121634 0.102736
13.9 0.0418573 0.0125353 0.105877
13.8 0.0431457 0.0129211 0.109137
13.7 0.0444829 0.0133215 0.112519
13.6 0.045871 0.0137372 0.116031
13.5 0.0473125 0.0141689 0.119678
13.4 0.0488096 0.0146172 0.123465
13.3 0.0503651 0.015083 0.1274
13.2 0.0519815 0.015567 0.131489
13.1 0.0536617 0.0160702 0.13574
13 0.0554088 0.0165933 0.14016
12.9 0.0572259 0.0171374 0.144757
12.8 0.0591162 0.0177035 0.149539
12.7 0.0610834 0.0182926 0.154515
12.6 0.0631312 0.0189058 0.159696
12.5 0.0652634 0.0195443 0.16509
12.4 0.0674843 0.0202093 0.170708
12.3 0.0697982 0.0209022 0.176562
12.2 0.0722097 0.0216243 0.182663
12.1 0.0747238 0.0223772 0.189023
12 0.0773456 0.0231623 0.195655
11.9 0.0800807 0.0239813 0.202574
11.8 0.0829349 0.024836 0.209795
11.7 0.0859142 0.0257282 0.217332
11.6 0.0890254 0.0266598 0.225202
11.5 0.0922753 0.027633 0.233424
11.4 0.0956712 0.0286499 0.242015
11.3 0.0992211 0.029713 0.250995
11.2 0.102933 0.0308245 0.260386
11.1 0.106816 0.0319874 0.270209
11 0.11088 0.0332042 0.280489
10.9 0.115134 0.0344781 0.29125
10.8 0.119589 0.0358122 0.30252
10.7 0.124256 0.0372099 0.314327
10.6 0.129148 0.0386747 0.326702
10.5 0.134277 0.0402107 0.339677
10.4 0.139657 0.0418218 0.353287
10.3 0.145303 0.0435125 0.367569
10.2 0.15123 0.0452873 0.382562
10.1 0.157455 0.0471515 0.398309
10 0.163995 0.0491102 0.414854
9.9 0.170871 0.0511692 0.432247
9.8 0.178102 0.0533346 0.450538
9.7 0.18571 0.055613 0.469783
9.6 0.193719 0.0580114 0.490042
9.5 0.202154 0.0605373 0.511378
9.4 0.211041 0.0631989 0.533859
9.3 0.22041 0.0660048 0.557559
9.2 0.230293 0.0689643 0.582557
9.1 0.240722 0.0720876 0.608936
9 0.251733 0.0753853 0.636788
8.9 0.263366 0.0788691 0.666212
8.8 0.275662 0.0825515 0.697313
8.7 0.288666 0.0864461 0.730205
8.6 0.302427 0.0905674 0.765011
8.5 0.316997 0.0949312 0.801864
8.4 0.332434 0.0995545 0.840908
8.3 0.348799 0.104456 0.882298
8.2 0.366158 0.109655 0.926202
8.1 0.384584 0.115174 0.972803
8 0.404154 0.121035 1.0223
7.9 0.424954 0.127265 x
7.8 0.447075 0.133891 x
7.7 0.470619 0.140943 x
7.6 0.495694 0.148453 x
7.5 0.522419 0.156459 x
7.4 0.550925 0.164997 x
7.3 0.581352 0.174111 x
7.2 0.613855 0.183848 x
7.1 0.648603 0.194257 x
7 0.685783 0.205395 x
6.9 0.725597 0.217322 x
6.8 0.768268 0.230105 x
6.7 0.814041 0.243818 x
6.6 0.863187 0.258542 x
6.5 0.916001 0.274365 x
6.4 0.972811 0.291386 x
6.3 1.03398 0.309714 x
6.2 x 0.329467 x
6.1 x 0.35078 x
6 x 0.373798 x
5.9 x 0.398687 x
5.8 x 0.425626 x
5.7 x 0.454819 x
5.6 x 0.486492 x
5.5 x 0.520895 x
5.4 x 0.558312 x
5.3 x 0.599058 x
5.2 x 0.643488 x
5.1 x 0.692001 x
5 x 0.745046 x
4.9 x 0.803131 x
4.8 x 0.866829 x
4.7 x 0.936789 x
4.6 x 1.01375 x
