#z		error z	M*		error M*upper z	lower z	upper 	lower
8		0		-20.1	0.52	8		8		-20.62	-20.1
8		0		-19.54	0.56	8		8		-20.1	-19.54
2.3		0.4		-20.7	0.11	2.7		1.9		-20.81	-20.7
3.05	0.35	-20.97	0.14	3.4		2.7		-21.11	-20.97
7		0.5		-20.11	0 		7.5		6.5		-20.11	-20.11
5		0.3		-20.73	0.11	5.3		4.7		-20.84	-20.73
6 		0.3 	-20.04 	0.12 	6.3 	5.7 	-20.16 	-20.04
3.8		0		-21.06	0.1		3.8		3.8		-21.16	-21.06
5		0		-20.69	0.13	5		5		-20.82	-20.69
6.8		0		-20.14	0.26	6.8		6.8		-20.4	-20.14
3.8		0		-20.98	0.1		3.8		3.8		-21.08	-20.98
5		0		-20.64	0.13	5		5		-20.77	-20.64
5.9		0		-20.29	0.19	5.9		5.9		-20.43	-20.24
5.9		0		-20.29	0.19	5.9		5.9		-20.48	-20.29