#z	  phi*	          upper            lower

0	0.05321249	0.1553157483	-0.0488907683
0.1	0.0460082982	0.1342882709	-0.0422716744
0.2	0.0397992474	0.1161653944	-0.0365668997
0.3	0.034447875	0.100545896	-0.031650146
0.4	0.0298357069	0.087083975	-0.0274125612
0.5	0.0258606342	0.0754815975	-0.0237603291
0.6	0.0224346526	0.0654818981	-0.020612593
0.7	0.0194819141	0.0568634931	-0.017899665
0.8	0.0169370479	0.0494355794	-0.0155614835
0.9	0.0147437133	0.04303371	-0.0135462834
1	0.0128533519	0.0375161539	-0.0118094502
1.1	0.0112241129	0.0327607576	-0.0103125319
1.2	0.0098199265	0.0286622413	-0.0090223884
1.3	0.0086097054	0.0251298678	-0.007910457
1.4	0.0075666565	0.0220854337	-0.0069521207
1.5	0.0066676877	0.0194615382	-0.0061261628
1.6	0.0058928967	0.0172000909	-0.0054142974
1.7	0.0052251304	0.0152510254	-0.0048007646
1.8	0.004649605	0.0135711913	-0.0042719813
1.9	0.004153579	0.0121233987	-0.0038162407
2	0.0037260709	0.0108755949	-0.0034234532
2.1	0.003357616	0.0098001548	-0.0030849228
2.2	0.0030400571	0.008873269	-0.0027931549
2.3	0.0027663637	0.0080744173	-0.0025416899
2.4	0.0025304766	0.0073859139	-0.0023249607
2.5	0.0023271734	0.0067925159	-0.002138169
2.6	0.0021519533	0.0062810861	-0.0019771796
2.7	0.0020009369	0.005840302	-0.0018384282
2.8	0.0018707809	0.0054604049	-0.001718843
2.9	0.0017586039	0.0051329844	-0.0016157766
3	0.0016619223	0.0048507916	-0.0015269471
3.1	0.0015785956	0.0046075792	-0.0014503879
3.2	0.0015067792	0.0043979626	-0.0013844042
3.3	0.001444883	0.004217301	-0.001327535
3.4	0.0013915368	0.0040615949	-0.0012785213
3.5	0.0013455595	0.0039273971	-0.0012362781
3.6	0.0013059332	0.0038117364	-0.0011998701
3.7	0.0012717806	0.0037120524	-0.0011684913
3.8	0.0012423456	0.0036261381	-0.0011414469
3.9	0.0012169766	0.0035520915	-0.0011181383
4	0.0011951119	0.0034882731	-0.0010980493
4.1	0.0011762675	0.0034332703	-0.0010807354
4.2	0.0011600261	0.0033858652	-0.001065813
4.3	0.0011460281	0.0033450083	-0.001052952
4.4	0.0011339638	0.0033097951	-0.0010418675
4.5	0.001123566	0.003279446	-0.0010323141
4.6	0.0011146044	0.0032532892	-0.0010240804
4.7	0.0011068808	0.0032307455	-0.001016984
4.8	0.001100224	0.0032113159	-0.0010108679
4.9	0.0010944868	0.0031945701	-0.0010055966
5	0.001089542	0.0031801375	-0.0010010534
5.1	0.0010852803	0.0031676985	-0.0009971379
5.2	0.0010816073	0.0031569778	-0.0009937632
5.3	0.0010784417	0.0031477379	-0.0009908546
5.4	0.0010757133	0.0031397744	-0.0009883478
5.5	0.0010733618	0.0031329109	-0.0009861873
5.6	0.0010713351	0.0031269955	-0.0009843253
5.7	0.0010695884	0.0031218972	-0.0009827204
5.8	0.001068083	0.0031175032	-0.0009813372
5.9	0.0010667855	0.0031137161	-0.0009801451
6	0.0010656672	0.0031104521	-0.0009791177
6.1	0.0010647034	0.0031076391	-0.0009782322
6.2	0.0010638728	0.0031052145	-0.000977469
6.3	0.0010631569	0.0031031249	-0.0009768112
6.4	0.0010625398	0.003101324	-0.0009762443
6.5	0.0010620081	0.0030997718	-0.0009757557
6.6	0.0010615497	0.003098434	-0.0009753346
6.7	0.0010611547	0.003097281	-0.0009749716
6.8	0.0010608142	0.0030962873	-0.0009746588
6.9	0.0010605208	0.0030954308	-0.0009743892
7	0.0010602679	0.0030946927	-0.0009741569
7.1	0.0010600499	0.0030940565	-0.0009739566
7.2	0.0010598621	0.0030935082	-0.000973784
7.3	0.0010597002	0.0030930356	-0.0009736353
7.4	0.0010595606	0.0030926283	-0.0009735071
7.5	0.0010594404	0.0030922773	-0.0009733966
7.6	0.0010593367	0.0030919748	-0.0009733013
7.7	0.0010592474	0.003091714	-0.0009732192
7.8	0.0010591704	0.0030914893	-0.0009731485
7.9	0.001059104	0.0030912956	-0.0009730875
8	0.0010590468	0.0030911287	-0.000973035
8.1	0.0010589976	0.0030909848	-0.0009729897
8.2	0.0010589551	0.0030908608	-0.0009729507
8.3	0.0010589185	0.0030907539	-0.000972917
8.4	0.0010588869	0.0030906618	-0.000972888
8.5	0.0010588597	0.0030905824	-0.000972863
8.6	0.0010588363	0.003090514	-0.0009728415
8.7	0.0010588161	0.003090455	-0.0009728229
8.8	0.0010587986	0.0030904042	-0.0009728069
8.9	0.0010587836	0.0030903604	-0.0009727931
9	0.0010587707	0.0030903227	-0.0009727813
9.1	0.0010587596	0.0030902901	-0.000972771
9.2	0.0010587499	0.0030902621	-0.0009727622
9.3	0.0010587417	0.0030902379	-0.0009727546
9.4	0.0010587345	0.0030902171	-0.000972748
9.5	0.0010587284	0.0030901991	-0.0009727424
9.6	0.0010587231	0.0030901837	-0.0009727375
9.7	0.0010587185	0.0030901703	-0.0009727333
9.8	0.0010587146	0.0030901588	-0.0009727297
9.9	0.0010587112	0.0030901489	-0.0009727266
10	0.0010587083	0.0030901404	-0.0009727239
10.1	0.0010587057	0.003090133	-0.0009727216
10.2	0.0010587036	0.0030901267	-0.0009727196
10.3	0.0010587017	0.0030901212	-0.0009727178
10.4	0.0010587001	0.0030901165	-0.0009727164
10.5	0.0010586987	0.0030901124	-0.0009727151
10.6	0.0010586975	0.0030901089	-0.000972714
10.7	0.0010586964	0.0030901059	-0.000972713
10.8	0.0010586956	0.0030901033	-0.0009727122
10.9	0.0010586948	0.0030901011	-0.0009727115
11	0.0010586941	0.0030900992	-0.0009727109
11.1	0.0010586936	0.0030900975	-0.0009727104
11.2	0.0010586931	0.0030900961	-0.0009727099
11.3	0.0010586926	0.0030900948	-0.0009727095
11.4	0.0010586923	0.0030900938	-0.0009727092
11.5	0.001058692	0.0030900928	-0.0009727089
11.6	0.0010586917	0.0030900921	-0.0009727087
11.7	0.0010586915	0.0030900914	-0.0009727085
11.8	0.0010586913	0.0030900908	-0.0009727083
11.9	0.0010586911	0.0030900903	-0.0009727081
12	0.0010586909	0.0030900898	-0.000972708
12.1	0.0010586908	0.0030900895	-0.0009727079
12.2	0.0010586907	0.0030900891	-0.0009727078
12.3	0.0010586906	0.0030900889	-0.0009727077
12.4	0.0010586905	0.0030900886	-0.0009727076
12.5	0.0010586904	0.0030900884	-0.0009727075
12.6	0.0010586904	0.0030900882	-0.0009727075
12.7	0.0010586903	0.0030900881	-0.0009727074
12.8	0.0010586903	0.0030900879	-0.0009727074
12.9	0.0010586902	0.0030900878	-0.0009727073
13	0.0010586902	0.0030900877	-0.0009727073
13.1	0.0010586902	0.0030900876	-0.0009727073
13.2	0.0010586902	0.0030900876	-0.0009727073
13.3	0.0010586901	0.0030900875	-0.0009727072
13.4	0.0010586901	0.0030900875	-0.0009727072
13.5	0.0010586901	0.0030900874	-0.0009727072
13.6	0.0010586901	0.0030900874	-0.0009727072
13.7	0.0010586901	0.0030900873	-0.0009727072
13.8	0.0010586901	0.0030900873	-0.0009727072
13.9	0.0010586901	0.0030900873	-0.0009727072
14	0.00105869	0.0030900873	-0.0009727072
14.1	0.00105869	0.0030900872	-0.0009727072
14.2	0.00105869	0.0030900872	-0.0009727071
14.3	0.00105869	0.0030900872	-0.0009727071
14.4	0.00105869	0.0030900872	-0.0009727071
14.5	0.00105869	0.0030900872	-0.0009727071
14.6	0.00105869	0.0030900872	-0.0009727071
14.7	0.00105869	0.0030900872	-0.0009727071
14.8	0.00105869	0.0030900872	-0.0009727071
14.9	0.00105869	0.0030900871	-0.0009727071
15	0.00105869	0.0030900871	-0.0009727071
15.1	0.00105869	0.0030900871	-0.0009727071
15.2	0.00105869	0.0030900871	-0.0009727071
15.3	0.00105869	0.0030900871	-0.0009727071
15.4	0.00105869	0.0030900871	-0.0009727071
15.5	0.00105869	0.0030900871	-0.0009727071
15.6	0.00105869	0.0030900871	-0.0009727071
15.7	0.00105869	0.0030900871	-0.0009727071
15.8	0.00105869	0.0030900871	-0.0009727071
15.9	0.00105869	0.0030900871	-0.0009727071
16	0.00105869	0.0030900871	-0.0009727071
16.1	0.00105869	0.0030900871	-0.0009727071
16.2	0.00105869	0.0030900871	-0.0009727071
16.3	0.00105869	0.0030900871	-0.0009727071
16.4	0.00105869	0.0030900871	-0.0009727071
16.5	0.00105869	0.0030900871	-0.0009727071
16.6	0.00105869	0.0030900871	-0.0009727071
16.7	0.00105869	0.0030900871	-0.0009727071
16.8	0.00105869	0.0030900871	-0.0009727071
16.9	0.00105869	0.0030900871	-0.0009727071
17	0.00105869	0.0030900871	-0.0009727071
17.1	0.00105869	0.0030900871	-0.0009727071
17.2	0.00105869	0.0030900871	-0.0009727071
17.3	0.00105869	0.0030900871	-0.0009727071
17.4	0.00105869	0.0030900871	-0.0009727071
17.5	0.00105869	0.0030900871	-0.0009727071
17.6	0.00105869	0.0030900871	-0.0009727071
17.7	0.00105869	0.0030900871	-0.0009727071
17.8	0.00105869	0.0030900871	-0.0009727071
17.9	0.00105869	0.0030900871	-0.0009727071
18	0.00105869	0.0030900871	-0.0009727071
