#		1.5 		2.5 		5 			10 			15
10 		1.420415 	0.974095 	0.738635 	0.438704 	8.379202
10.5 	1.071809 	0.753852 	0.586748 	0.355182 	6.835169
11 		0.787259 	0.570673 	0.458066 	0.283449	5.501515
11.5 	0.574034 	0.431369 	0.359076 	0.22792 	4.466931
12 		0.405404 	0.318048 	0.276373 	0.18067 	3.580247
12.5 	0.28158 	0.232574 	0.21263 	0.14382 	2.886086
13 		0.188041 	0.165181 	0.160355 	0.112821 	2.296634
13.5 	0.122119 	0.115483 	0.120336 	0.088605 	1.833189
14 		0.075478 	0.077967 	0.088315 	0.068524 	1.444013
14.5 	0.044742 	0.051375 	0.064196 	0.052897 	1.138114
