z	best fit	lower limit	upper limit
25	0.00655801	0.00185267	0.0173782
24.9	0.00667259	0.00188512	0.017674
24.8	0.0067896	0.00191827	0.0179758
24.7	0.00690912	0.00195213	0.0182837
24.6	0.00703121	0.00198673	0.018598
24.5	0.00715592	0.00202207	0.0189187
24.4	0.00728333	0.00205819	0.019246
24.3	0.0074135	0.0020951	0.0195802
24.2	0.00754651	0.00213282	0.0199212
24.1	0.00768243	0.00217137	0.0202694
24	0.00782133	0.00221078	0.0206249
23.9	0.00796329	0.00225107	0.0209878
23.8	0.00810839	0.00229225	0.0213584
23.7	0.00825671	0.00233436	0.0217369
23.6	0.00840833	0.00237741	0.0221234
23.5	0.00856334	0.00242144	0.0225181
23.4	0.00872184	0.00246647	0.0229213
23.3	0.0088839	0.00251253	0.0233332
23.2	0.00904964	0.00255964	0.0237539
23.1	0.00921913	0.00260783	0.0241838
23	0.00939249	0.00265713	0.024623
22.9	0.00956982	0.00270758	0.0250718
22.8	0.00975123	0.0027592	0.0255305
22.7	0.00993682	0.00281203	0.0259992
22.6	0.0101267	0.0028661	0.0264783
22.5	0.010321	0.00292144	0.026968
22.4	0.0105199	0.00297809	0.0274687
22.3	0.0107234	0.00303609	0.0279805
22.2	0.0109317	0.00309547	0.0285038
22.1	0.0111449	0.00315627	0.029039
22	0.0113632	0.00321854	0.0295862
21.9	0.0115867	0.00328232	0.030146
21.8	0.0118155	0.00334764	0.0307185
21.7	0.0120498	0.00341456	0.0313041
21.6	0.0122898	0.00348312	0.0319032
21.5	0.0125356	0.00355336	0.0325162
21.4	0.0127874	0.00362534	0.0331434
21.3	0.0130453	0.0036991	0.0337853
21.2	0.0133096	0.00377471	0.0344421
21.1	0.0135804	0.00385221	0.0351145
21	0.0138579	0.00393166	0.0358028
20.9	0.0141423	0.00401312	0.0365074
20.8	0.0144338	0.00409664	0.0372288
20.7	0.0147326	0.0041823	0.0379675
20.6	0.0150389	0.00427015	0.0387239
20.5	0.0153529	0.00436026	0.0394987
20.4	0.015675	0.0044527	0.0402922
20.3	0.0160053	0.00454755	0.0411051
20.2	0.016344	0.00464487	0.041938
20.1	0.0166915	0.00474474	0.0427913
20	0.0170479	0.00484724	0.0436657
19.9	0.0174136	0.00495245	0.0445619
19.8	0.0177889	0.00506046	0.0454804
19.7	0.018174	0.00517136	0.046422
19.6	0.0185692	0.00528524	0.0473872
19.5	0.0189749	0.00540219	0.0483769
19.4	0.0193914	0.00552231	0.0493918
19.3	0.0198191	0.0056457	0.0504326
19.2	0.0202582	0.00577247	0.0515001
19.1	0.0207091	0.00590272	0.0525951
19	0.0211723	0.00603658	0.0537185
18.9	0.021648	0.00617415	0.0548712
18.8	0.0221368	0.00631557	0.056054
18.7	0.022639	0.00646095	0.0572679
18.6	0.0231551	0.00661043	0.0585139
18.5	0.0236855	0.00676415	0.059793
18.4	0.0242307	0.00692225	0.0611062
18.3	0.0247911	0.00708487	0.0624546
18.2	0.0253674	0.00725217	0.0638394
18.1	0.0259599	0.00742431	0.0652616
18	0.0265693	0.00760146	0.0667225
17.9	0.0271962	0.00778378	0.0682234
17.8	0.027841	0.00797146	0.0697656
17.7	0.0285045	0.00816467	0.0713503
17.6	0.0291871	0.00836363	0.072979
17.5	0.0298898	0.00856852	0.0746532
17.4	0.030613	0.00877956	0.0763743
17.3	0.0313575	0.00899696	0.078144
17.2	0.032124	0.00922096	0.0799638
17.1	0.0329134	0.00945178	0.0818354
17	0.0337264	0.00968968	0.0837606
16.9	0.0345638	0.00993491	0.0857411
16.8	0.0354266	0.0101877	0.087779
16.7	0.0363156	0.0104485	0.0898762
16.6	0.0372318	0.0107173	0.0920346
16.5	0.0381761	0.0109947	0.0942564
16.4	0.0391496	0.0112808	0.0965439
16.3	0.0401533	0.0115761	0.0988994
16.2	0.0411883	0.0118808	0.101325
16.1	0.0422559	0.0121953	0.103824
16	0.0433571	0.01252	0.106398
15.9	0.0444933	0.0128553	0.10905
15.8	0.0456657	0.0132016	0.111783
15.7	0.0468758	0.0135593	0.114599
15.6	0.0481249	0.0139289	0.117503
15.5	0.0494145	0.0143108	0.120497
15.4	0.0507462	0.0147055	0.123584
15.3	0.0521216	0.0151135	0.126767
15.2	0.0535424	0.0155354	0.130051
15.1	0.0550104	0.0159717	0.13344
15	0.0565273	0.016423	0.136936
14.9	0.0580952	0.0168899	0.140544
14.8	0.059716	0.0173731	0.144269
14.7	0.0613919	0.0178731	0.148114
14.6	0.063125	0.0183907	0.152085
14.5	0.0649176	0.0189267	0.156186
14.4	0.0667722	0.0194818	0.160422
14.3	0.0686913	0.0200568	0.164799
14.2	0.0706775	0.0206525	0.169321
14.1	0.0727336	0.0212699	0.173996
14	0.0748625	0.0219099	0.178828
13.9	0.0770672	0.0225734	0.183824
13.8	0.0793508	0.0232614	0.188991
13.7	0.0817168	0.0239751	0.194335
13.6	0.0841685	0.0247156	0.199864
13.5	0.0867098	0.025484	0.205585
13.4	0.0893443	0.0262816	0.211506
13.3	0.0920761	0.0271097	0.217635
13.2	0.0949095	0.0279697	0.223982
13.1	0.0978489	0.028863	0.230554
13	0.100899	0.0297912	0.237362
12.9	0.104064	0.0307558	0.244415
12.8	0.107351	0.0317585	0.251723
12.7	0.110763	0.0328012	0.259299
12.6	0.114307	0.0338857	0.267152
12.5	0.117989	0.0350139	0.275296
12.4	0.121815	0.036188	0.283742
12.3	0.125791	0.0374102	0.292504
12.2	0.129925	0.0386827	0.301596
12.1	0.134224	0.040008	0.311032
12	0.138695	0.0413887	0.320828
11.9	0.143348	0.0428276	0.331
11.8	0.148189	0.0443274	0.341565
11.7	0.153229	0.0458912	0.35254
11.6	0.158477	0.0475223	0.363944
11.5	0.163942	0.0492241	0.375798
11.4	0.169636	0.0510001	0.388121
11.3	0.17557	0.0528542	0.400936
11.2	0.181755	0.0547903	0.414265
11.1	0.188204	0.0568129	0.428133
11	0.194931	0.0589263	0.442565
10.9	0.201948	0.0611354	0.457589
10.8	0.209271	0.0634453	0.473232
10.7	0.216915	0.0658614	0.489525
10.6	0.224897	0.0683894	0.506499
10.5	0.233235	0.0710353	0.524187
10.4	0.241946	0.0738057	0.542625
10.3	0.25105	0.0767073	0.56185
10.2	0.260569	0.0797476	0.581902
10.1	0.270523	0.0829342	0.602821
10	0.280937	0.0862754	0.624652
9.9	0.291835	0.0897799	0.647442
9.8	0.303243	0.0934572	0.671238
9.7	0.315189	0.0973171	0.696095
9.6	0.327703	0.10137	0.722066
9.5	0.340816	0.105628	0.749211
9.4	0.354561	0.110103	0.77759
9.3	0.368975	0.114807	0.807271
9.2	0.384094	0.119754	0.838322
9.1	0.399959	0.124959	0.870818
9	0.416613	0.130438	0.904836
8.9	0.434102	0.136207	0.940462
8.8	0.452474	0.142285	0.977782
8.7	0.471781	0.14869	1.01689
8.6	0.492078	0.155444	
8.5	0.513425	0.162567	
8.4	0.535883	0.170085	
8.3	0.559521	0.178021	
8.2	0.584411	0.186403	
8.1	0.610629	0.195261	
8	0.638257	0.204625	
7.9	0.667384	0.21453	
7.8	0.698103	0.225011	
7.7	0.730516	0.236107	
7.6	0.764731	0.24786	
7.5	0.800864	0.260315	
7.4	0.839039	0.27352	
7.3	0.879389	0.287528	
7.2	0.922059	0.302396	
7.1	0.967203	0.318183	
7	1.01499	0.334957	
		0.352786	
		0.37175	
		0.391929	
		0.413415	
		0.436305	
		0.460703	
		0.486724	
		0.514493	
		0.544143	
		0.575822	
		0.609687	
		0.645913	
		0.684687	
		0.726214	
		0.770717	
		0.818442	
		0.869653	
		0.924643	
		0.983727	
		1.04726	
