z	   alpha	   upper	   lower

0	-1.66423	-1.72634	-1.60201
0.1	-1.66569437	-1.72665237	-1.60462637
0.2	-1.66715874	-1.72696474	-1.60724274
0.3	-1.66862311	-1.72727711	-1.60985911
0.4	-1.67008748	-1.72758948	-1.61247548
0.5	-1.67155185	-1.72790185	-1.61509185
0.6	-1.67301622	-1.72821422	-1.61770822
0.7	-1.67448059	-1.72852659	-1.62032459
0.8	-1.67594496	-1.72883896	-1.62294096
0.9	-1.67740933	-1.72915133	-1.62555733
1	-1.6788737	-1.7294637	-1.6281737
1.1	-1.68033807	-1.72977607	-1.63079007
1.2	-1.68180244	-1.73008844	-1.63340644
1.3	-1.68326681	-1.73040081	-1.63602281
1.4	-1.68473118	-1.73071318	-1.63863918
1.5	-1.68619555	-1.73102555	-1.64125555
1.6	-1.68765992	-1.73133792	-1.64387192
1.7	-1.68912429	-1.73165029	-1.64648829
1.8	-1.69058866	-1.73196266	-1.64910466
1.9	-1.69205303	-1.73227503	-1.65172103
2	-1.6935174	-1.7325874	-1.6543374
2.1	-1.69498177	-1.73289977	-1.65695377
2.2	-1.69644614	-1.73321214	-1.65957014
2.3	-1.69791051	-1.73352451	-1.66218651
2.4	-1.69937488	-1.73383688	-1.66480288
2.5	-1.70083925	-1.73414925	-1.66741925
2.6	-1.70230362	-1.73446162	-1.67003562
2.7	-1.70376799	-1.73477399	-1.67265199
2.8	-1.70523236	-1.73508636	-1.67526836
2.9	-1.70669673	-1.73539873	-1.67788473
3	-1.7081611	-1.7357111	-1.6805011
3.1	-1.70962547	-1.73602347	-1.68311747
3.2	-1.71108984	-1.73633584	-1.68573384
3.3	-1.71255421	-1.73664821	-1.68835021
3.4	-1.71401858	-1.73696058	-1.69096658
3.5	-1.71548295	-1.73727295	-1.69358295
3.6	-1.71694732	-1.73758532	-1.69619932
3.7	-1.71841169	-1.73789769	-1.69881569
3.8	-1.71987606	-1.73821006	-1.70143206
3.9	-1.72134043	-1.73852243	-1.70404843
4	-1.7228048	-1.7388348	-1.7066648
4.1	-1.72426917	-1.73914717	-1.70928117
4.2	-1.72573354	-1.73945954	-1.71189754
4.3	-1.72719791	-1.73977191	-1.71451391
4.4	-1.72866228	-1.74008428	-1.71713028
4.5	-1.73012665	-1.74039665	-1.71974665
4.6	-1.73159102	-1.74070902	-1.72236302
4.7	-1.73305539	-1.74102139	-1.72497939
4.8	-1.73451976	-1.74133376	-1.72759576
4.9	-1.73598413	-1.74164613	-1.73021213
5	-1.7374485	-1.7419585	-1.7328285
5.1	-1.73891287	-1.74227087	-1.73544487
5.2	-1.74037724	-1.74258324	-1.73806124
5.3	-1.74184161	-1.74289561	-1.74067761
5.4	-1.74330598	-1.74320798	-1.74329398
5.5	-1.74477035	-1.74352035	-1.74591035
5.6	-1.74623472	-1.74383272	-1.74852672
5.7	-1.74769909	-1.74414509	-1.75114309
5.8	-1.74916346	-1.74445746	-1.75375946
5.9	-1.75062783	-1.74476983	-1.75637583
6	-1.7520922	-1.7450822	-1.7589922
6.1	-1.75355657	-1.74539457	-1.76160857
6.2	-1.75502094	-1.74570694	-1.76422494
6.3	-1.75648531	-1.74601931	-1.76684131
6.4	-1.75794968	-1.74633168	-1.76945768
6.5	-1.75941405	-1.74664405	-1.77207405
6.6	-1.76087842	-1.74695642	-1.77469042
6.7	-1.76234279	-1.74726879	-1.77730679
6.8	-1.76380716	-1.74758116	-1.77992316
6.9	-1.76527153	-1.74789353	-1.78253953
7	-1.7667359	-1.7482059	-1.7851559
7.1	-1.76820027	-1.74851827	-1.78777227
7.2	-1.76966464	-1.74883064	-1.79038864
7.3	-1.77112901	-1.74914301	-1.79300501
7.4	-1.77259338	-1.74945538	-1.79562138
7.5	-1.77405775	-1.74976775	-1.79823775
7.6	-1.77552212	-1.75008012	-1.80085412
7.7	-1.77698649	-1.75039249	-1.80347049
7.8	-1.77845086	-1.75070486	-1.80608686
7.9	-1.77991523	-1.75101723	-1.80870323
8	-1.7813796	-1.7513296	-1.8113196
8.1	-1.78284397	-1.75164197	-1.81393597
8.2	-1.78430834	-1.75195434	-1.81655234
8.3	-1.78577271	-1.75226671	-1.81916871
8.4	-1.78723708	-1.75257908	-1.82178508
8.5	-1.78870145	-1.75289145	-1.82440145
8.6	-1.79016582	-1.75320382	-1.82701782
8.7	-1.79163019	-1.75351619	-1.82963419
8.8	-1.79309456	-1.75382856	-1.83225056
8.9	-1.79455893	-1.75414093	-1.83486693
9	-1.7960233	-1.7544533	-1.8374833
9.1	-1.79748767	-1.75476567	-1.84009967
9.2	-1.79895204	-1.75507804	-1.84271604
9.3	-1.80041641	-1.75539041	-1.84533241
9.4	-1.80188078	-1.75570278	-1.84794878
9.5	-1.80334515	-1.75601515	-1.85056515
9.6	-1.80480952	-1.75632752	-1.85318152
9.7	-1.80627389	-1.75663989	-1.85579789
9.8	-1.80773826	-1.75695226	-1.85841426
9.9	-1.80920263	-1.75726463	-1.86103063
10	-1.810667	-1.757577	-1.863647
10.1	-1.81213137	-1.75788937	-1.86626337
10.2	-1.81359574	-1.75820174	-1.86887974
10.3	-1.81506011	-1.75851411	-1.87149611
10.4	-1.81652448	-1.75882648	-1.87411248
10.5	-1.81798885	-1.75913885	-1.87672885
10.6	-1.81945322	-1.75945122	-1.87934522
10.7	-1.82091759	-1.75976359	-1.88196159
10.8	-1.82238196	-1.76007596	-1.88457796
10.9	-1.82384633	-1.76038833	-1.88719433
11	-1.8253107	-1.7607007	-1.8898107
11.1	-1.82677507	-1.76101307	-1.89242707
11.2	-1.82823944	-1.76132544	-1.89504344
11.3	-1.82970381	-1.76163781	-1.89765981
11.4	-1.83116818	-1.76195018	-1.90027618
11.5	-1.83263255	-1.76226255	-1.90289255
11.6	-1.83409692	-1.76257492	-1.90550892
11.7	-1.83556129	-1.76288729	-1.90812529
11.8	-1.83702566	-1.76319966	-1.91074166
11.9	-1.83849003	-1.76351203	-1.91335803
12	-1.8399544	-1.7638244	-1.9159744
12.1	-1.84141877	-1.76413677	-1.91859077
12.2	-1.84288314	-1.76444914	-1.92120714
12.3	-1.84434751	-1.76476151	-1.92382351
12.4	-1.84581188	-1.76507388	-1.92643988
12.5	-1.84727625	-1.76538625	-1.92905625
12.6	-1.84874062	-1.76569862	-1.93167262
12.7	-1.85020499	-1.76601099	-1.93428899
12.8	-1.85166936	-1.76632336	-1.93690536
12.9	-1.85313373	-1.76663573	-1.93952173
13	-1.8545981	-1.7669481	-1.9421381
13.1	-1.85606247	-1.76726047	-1.94475447
13.2	-1.85752684	-1.76757284	-1.94737084
13.3	-1.85899121	-1.76788521	-1.94998721
13.4	-1.86045558	-1.76819758	-1.95260358
13.5	-1.86191995	-1.76850995	-1.95521995
13.6	-1.86338432	-1.76882232	-1.95783632
13.7	-1.86484869	-1.76913469	-1.96045269
13.8	-1.86631306	-1.76944706	-1.96306906
13.9	-1.86777743	-1.76975943	-1.96568543
14	-1.8692418	-1.7700718	-1.9683018
14.1	-1.87070617	-1.77038417	-1.97091817
14.2	-1.87217054	-1.77069654	-1.97353454
14.3	-1.87363491	-1.77100891	-1.97615091
14.4	-1.87509928	-1.77132128	-1.97876728
14.5	-1.87656365	-1.77163365	-1.98138365
14.6	-1.87802802	-1.77194602	-1.98400002
14.7	-1.87949239	-1.77225839	-1.98661639
14.8	-1.88095676	-1.77257076	-1.98923276
14.9	-1.88242113	-1.77288313	-1.99184913
15	-1.8838855	-1.7731955	-1.9944655
15.1	-1.88534987	-1.77350787	-1.99708187
15.2	-1.88681424	-1.77382024	-1.99969824
15.3	-1.88827861	-1.77413261	-2.00231461
15.4	-1.88974298	-1.77444498	-2.00493098
15.5	-1.89120735	-1.77475735	-2.00754735
15.6	-1.89267172	-1.77506972	-2.01016372
15.7	-1.89413609	-1.77538209	-2.01278009
15.8	-1.89560046	-1.77569446	-2.01539646
15.9	-1.89706483	-1.77600683	-2.01801283
16	-1.8985292	-1.7763192	-2.0206292
16.1	-1.89999357	-1.77663157	-2.02324557
16.2	-1.90145794	-1.77694394	-2.02586194
16.3	-1.90292231	-1.77725631	-2.02847831
16.4	-1.90438668	-1.77756868	-2.03109468
16.5	-1.90585105	-1.77788105	-2.03371105
16.6	-1.90731542	-1.77819342	-2.03632742
16.7	-1.90877979	-1.77850579	-2.03894379
16.8	-1.91024416	-1.77881816	-2.04156016
16.9	-1.91170853	-1.77913053	-2.04417653
17	-1.9131729	-1.7794429	-2.0467929
17.1	-1.91463727	-1.77975527	-2.04940927
17.2	-1.91610164	-1.78006764	-2.05202564
17.3	-1.91756601	-1.78038001	-2.05464201
17.4	-1.91903038	-1.78069238	-2.05725838
17.5	-1.92049475	-1.78100475	-2.05987475
17.6	-1.92195912	-1.78131712	-2.06249112
17.7	-1.92342349	-1.78162949	-2.06510749
17.8	-1.92488786	-1.78194186	-2.06772386
17.9	-1.92635223	-1.78225423	-2.07034023
18	-1.9278166	-1.7825666	-2.0729566
