1	872.499	-4.424741691
2	436.25	47.78756931
3	590.688	29.30371058
4	658.976	21.13068487
5	697.474	16.52306503
6	722.187	13.56529815
7	739.395	11.50576461
8	752.067	9.989120665
9	761.786	8.825905504
10	769.479	7.905171454
11	775.718	7.158458893
12	780.88	6.540646704
13	785.222	6.020975933
14	788.925	5.577783656
15	792.12	5.195391183
16	794.906	4.861949735
17	797.355	4.568842015
18	799.526	4.309006629
19	801.464	4.077057768
20	803.203	3.868926153
21	804.774	3.680901561
22	806.199	3.510350927
23	807.498	3.354880561
24	808.687	3.212575506
25	809.779	3.081879863
26	810.786	2.961357415
27	811.717	2.849931002
28	812.58	2.746643145
29	813.383	2.650536367
30	814.132	2.56089256
31	814.832	2.477113302
32	815.488	2.398600168
33	816.103	2.324994106
34	816.682	2.25569669
35	817.227	2.190468553
36	817.742	2.128830956
37	818.228	2.070664214
38	818.689	2.015489588
39	819.125	1.963307079
40	819.54	1.913637947
41	819.934	1.866482193
42	820.309	1.821600447
43	820.667	1.778753341
44	821.008	1.737940873
45	821.334	1.698923676
46	821.646	1.661582064
47	821.944	1.625916036
48	822.23	1.591686225
49	822.504	1.55889263
50	822.767	1.527415565
51	823.019	1.497255032
52	823.262	1.468171661
53	823.496	1.440165452
54	823.72	1.413356089
55	823.937	1.387384519
56	824.146	1.362370426
57	824.347	1.338313811
58	824.541	1.315094988
59	824.729	1.292594273
60	824.911	1.270811665
61	825.086	1.249866851
62	825.256	1.229520459
63	825.42	1.209892176
64	825.579	1.190862316
65	825.734	1.172311194
66	825.883	1.154478181
67	826.028	1.137123906
68	826.169	1.12024837
69	826.306	1.103851572
70	826.438	1.088053197
71	826.567	1.072613877
72	826.693	1.05753361
73	826.815	1.042932083
74	826.933	1.028809293
75	827.049	1.014925873
76	827.161	1.001521192
77	827.27	0.988475565
78	827.377	0.975669307
79	827.481	0.963222102
80	827.582	0.951133952
81	827.681	0.939285171
82	827.777	0.927795445
83	827.871	0.916545087
84	827.963	0.905534099
85	828.053	0.89476248
86	828.14	0.884349915
87	828.226	0.874057035
88	828.309	0.864123208
89	828.391	0.854309066
90	828.471	0.844734294
91	828.549	0.835398891
92	828.625	0.826302857
93	828.7	0.817326508
94	828.773	0.808589528
95	828.844	0.800091918
96	828.914	0.791713992
97	828.983	0.783455751
98	829.05	0.775436879
99	829.116	0.767537692
100	829.181	0.759758189
101	829.244	0.752218056
102	829.306	0.744797607
103	829.367	0.737496843
104	829.426	0.730435449
105	829.485	0.723374054
106	829.542	0.716552029
107	829.598	0.709849688
108	829.654	0.703147347
109	829.708	0.696684376
110	829.761	0.690341089
111	829.813	0.684117487
112	829.865	0.677893885
113	829.915	0.671909652
114	829.965	0.66592542
115	830.013	0.660180556
116	830.061	0.654435693
117	830.108	0.648810514
118	830.154	0.64330502
119	830.2	0.637799526
120	830.245	0.632413716
121	830.288	0.627267276
122	830.332	0.622001151
123	830.374	0.616974396
124	830.416	0.61194764
125	830.457	0.60704057
126	830.498	0.602133499
127	830.537	0.597465797
128	830.577	0.592678411
129	830.615	0.588130394
130	830.653	0.583582377
131	830.691	0.57903436
132	830.728	0.574606028
133	830.764	0.57029738
134	830.8	0.565988733
135	830.835	0.56179977
136	830.87	0.557610807
137	830.904	0.553541529
138	830.938	0.549472251
139	830.971	0.545522657
140	831.004	0.541573063
141	831.036	0.537743154
142	831.068	0.533913245
143	831.099	0.530203021
144	831.13	0.526492797
145	831.16	0.522902257
146	831.191	0.519192033
147	831.22	0.515721178
148	831.25	0.512130638
149	831.278	0.508779468
150	831.307	0.505308613
151	831.335	0.501957443
152	831.363	0.498606272
153	831.39	0.495374787
154	831.417	0.492143301
155	831.444	0.488911815
156	831.47	0.485800014
157	831.496	0.482688213
158	831.522	0.479576412
159	831.547	0.476584296
160	831.572	0.473592179
161	831.597	0.470600063
162	831.621	0.467727631
163	831.646	0.464735515
164	831.669	0.461982768
165	831.693	0.459110336
166	831.716	0.456357589
167	831.739	0.453604842
168	831.762	0.450852095
169	831.784	0.448219032
170	831.806	0.44558597
171	831.828	0.442952908
172	831.85	0.440319845
173	831.871	0.437806468
174	831.892	0.43529309
175	831.913	0.432779712
176	831.934	0.430266334
177	831.954	0.427872641
178	831.975	0.425359263
179	831.995	0.42296557
180	832.014	0.420691562
181	832.034	0.418297869
182	832.053	0.41602386
183	832.072	0.413749852
184	832.091	0.411475843
185	832.11	0.409201835
186	832.128	0.407047511
187	832.147	0.404773503
188	832.165	0.402619179
189	832.183	0.400464855
190	832.2	0.398430216
191	832.218	0.396275892
192	832.235	0.394241253
193	832.252	0.392206614
194	832.269	0.390171975
195	832.286	0.388137336
196	832.303	0.386102697
197	832.319	0.384187742
198	832.336	0.382153103
199	832.352	0.380238149
200	832.368	0.378323194
201	832.384	0.37640824
202	832.399	0.37461297
203	832.415	0.372698015
204	832.43	0.370902745
205	832.445	0.369107476
206	832.461	0.367192521
207	832.475	0.365516936
208	832.49	0.363721666
209	832.505	0.361926396
210	832.519	0.360250811
211	832.534	0.358455541
212	832.548	0.356779956
213	832.562	0.355104371
214	832.576	0.353428786
215	832.59	0.351753201
216	832.603	0.3501973
217	832.617	0.348521715
218	832.63	0.346965814
219	832.644	0.345290229
220	832.657	0.343734329
221	832.67	0.342178428
222	832.683	0.340622528
223	832.696	0.339066627
224	832.709	0.337510727
225	832.721	0.336074511
226	832.734	0.33451861
227	832.746	0.333082395
228	832.758	0.331646179
229	832.771	0.330090278
230	832.783	0.328654062
231	832.795	0.327217846
232	832.806	0.325901315
233	832.818	0.324465099
234	832.83	0.323028883
235	832.841	0.321712352
236	832.853	0.320276136
237	832.864	0.318959605
238	832.876	0.317523389
239	832.887	0.316206858
240	832.898	0.314890327
241	832.909	0.313573796
242	832.92	0.312257265
243	832.93	0.311060418
244	832.941	0.309743887
245	832.952	0.308427356
246	832.962	0.307230509
247	832.973	0.305913978
248	832.983	0.304717131
249	832.994	0.3034006
250	833.004	0.302203754
251	833.014	0.301006907
252	833.024	0.29981006
253	833.034	0.298613214
254	833.044	0.297416367
255	833.054	0.296219521
256	833.063	0.295142359
257	833.073	0.293945512
258	833.083	0.292748666
259	833.092	0.291671504
260	833.102	0.290474657
261	833.111	0.289397495
262	833.12	0.288320334
263	833.129	0.287243172
264	833.139	0.286046325
265	833.148	0.284969163
266	833.157	0.283892001
267	833.166	0.282814839
268	833.174	0.281857362
269	833.183	0.2807802
270	833.192	0.279703038
271	833.201	0.278625877
272	833.209	0.277668399
273	833.218	0.276591237
274	833.226	0.27563376
275	833.235	0.274556598
276	833.243	0.273599121
277	833.252	0.272521959
278	833.26	0.271564482
279	833.268	0.270607005
280	833.276	0.269649527
281	833.284	0.26869205
282	833.292	0.267734573
283	833.3	0.266777096
284	833.308	0.265819618
285	833.316	0.264862141
286	833.324	0.263904664
287	833.331	0.263066871
288	833.339	0.262109394
289	833.347	0.261151917
290	833.354	0.260314124
291	833.362	0.259356647
292	833.369	0.258518855
293	833.377	0.257561377
294	833.384	0.256723585
295	833.391	0.255885792
296	833.399	0.254928315
297	833.406	0.254090522
298	833.413	0.25325273
299	833.42	0.252414937
300	833.427	0.251577145
301	833.434	0.250739352
302	833.441	0.249901559
303	833.448	0.249063767
304	833.455	0.248225974
305	833.462	0.247388182
306	833.469	0.246550389
307	833.476	0.245712596
308	833.482	0.244994489
309	833.489	0.244156696
310	833.496	0.243318903
311	833.502	0.242600795
312	833.509	0.241763003
313	833.515	0.241044895
314	833.522	0.240207102
315	833.528	0.239488994
316	833.535	0.238651202
317	833.541	0.237933094
318	833.547	0.237214986
319	833.553	0.236496878
320	833.56	0.235659085
321	833.566	0.234940978
322	833.572	0.23422287
323	833.578	0.233504762
324	833.584	0.232786654
325	833.59	0.232068546
326	833.596	0.231350438
327	833.602	0.23063233
328	833.608	0.229914222
329	833.614	0.229196114
330	833.62	0.228478006
331	833.626	0.227759898
332	833.631	0.227161475
333	833.637	0.226443367
334	833.643	0.225725259
335	833.649	0.225007151
336	833.654	0.224408728
337	833.66	0.22369062
338	833.665	0.223092197
339	833.671	0.222374089
340	833.676	0.221775665
341	833.682	0.221057558
342	833.687	0.220459134
343	833.693	0.219741026
344	833.698	0.219142603
345	833.704	0.218424495
346	833.709	0.217826072
347	833.714	0.217227649
348	833.719	0.216629225
349	833.725	0.215911117
350	833.73	0.215312694
351	833.735	0.214714271
352	833.74	0.214115848
353	833.745	0.213517424
354	833.75	0.212919001
355	833.755	0.212320578
356	833.76	0.211722154
357	833.765	0.211123731
358	833.77	0.210525308
359	833.775	0.209926885
360	833.78	0.209328461
361	833.785	0.208730038
362	833.79	0.208131615
363	833.795	0.207533192
364	833.8	0.206934768
365	833.804	0.20645603
366	833.809	0.205857606
367	833.814	0.205259183
368	833.819	0.20466076
369	833.823	0.204182021
370	833.828	0.203583598
371	833.833	0.202985175
372	833.837	0.202506436
373	833.842	0.201908013
374	833.846	0.201429274
375	833.851	0.200830851
376	833.855	0.200352112
377	833.86	0.199753689
378	833.864	0.19927495
379	833.869	0.198676527
380	833.873	0.198197788
381	833.877	0.19771905
382	833.882	0.197120627
383	833.886	0.196641888
384	833.89	0.196163149
385	833.895	0.195564726
386	833.899	0.195085987
387	833.903	0.194607249
388	833.907	0.19412851
389	833.912	0.193530087
390	833.916	0.193051348
391	833.92	0.19257261
392	833.924	0.192093871
393	833.928	0.191615132
394	833.932	0.191136394
395	833.936	0.190657655
396	833.941	0.190059232
397	833.945	0.189580493
398	833.949	0.189101755
399	833.953	0.188623016
400	833.957	0.188144277
401	833.961	0.187665539
402	833.964	0.187306485
403	833.968	0.186827746
404	833.972	0.186349008
405	833.976	0.185870269
406	833.98	0.18539153
407	833.984	0.184912792
408	833.988	0.184434053
409	833.991	0.184074999
410	833.995	0.183596261
411	833.999	0.183117522
412	834.003	0.182638783
413	834.007	0.182160045
414	834.01	0.181800991
415	834.014	0.181322252
416	834.018	0.180843514
417	834.021	0.18048446
418	834.025	0.180005721
419	834.029	0.179526982
420	834.032	0.179167928
421	834.036	0.17868919
422	834.039	0.178330136
423	834.043	0.177851397
424	834.046	0.177492343
425	834.05	0.177013605
426	834.053	0.176654551
427	834.057	0.176175812
428	834.06	0.175816758
429	834.064	0.175338019
430	834.067	0.174978965
431	834.071	0.174500227
432	834.074	0.174141173
433	834.078	0.173662434
434	834.081	0.17330338
435	834.084	0.172944326
436	834.088	0.172465588
437	834.091	0.172106534
438	834.094	0.17174748
439	834.098	0.171268741
440	834.101	0.170909687
441	834.104	0.170550633
442	834.107	0.170191579
443	834.111	0.169712841
444	834.114	0.169353787
445	834.117	0.168994733
446	834.12	0.168635679
447	834.123	0.168276625
448	834.127	0.167797886
449	834.13	0.167438832
450	834.133	0.167079778
451	834.136	0.166720724
452	834.139	0.16636167
453	834.142	0.166002616
454	834.145	0.165643562
455	834.148	0.165284508
456	834.151	0.164925454
457	834.154	0.1645664
458	834.158	0.164087662
459	834.161	0.163728608
460	834.164	0.163369554
461	834.167	0.1630105
462	834.17	0.162651446
463	834.172	0.162412077
464	834.175	0.162053023
465	834.178	0.161693969
466	834.181	0.161334915
467	834.184	0.160975861
468	834.187	0.160616807
469	834.19	0.160257753
470	834.193	0.159898699
471	834.196	0.159539645
472	834.199	0.159180591
473	834.201	0.158941222
474	834.204	0.158582168
475	834.207	0.158223114
476	834.21	0.15786406
477	834.213	0.157505006
478	834.216	0.157145952
479	834.218	0.156906583
480	834.221	0.156547529
481	834.224	0.156188475
482	834.227	0.155829421
483	834.229	0.155590051
484	834.232	0.155230997
485	834.235	0.154871943
486	834.237	0.154632574
487	834.24	0.15427352
488	834.243	0.153914466
489	834.245	0.153675097
490	834.248	0.153316043
491	834.251	0.152956989
492	834.253	0.15271762
493	834.256	0.152358566
494	834.259	0.151999512
495	834.261	0.151760142
496	834.264	0.151401088
497	834.266	0.151161719
498	834.269	0.150802665
499	834.271	0.150563296
500	834.274	0.150204242
501	834.276	0.149964873
502	834.279	0.149605819
503	834.281	0.149366449
504	834.284	0.149007395
505	834.286	0.148768026
506	834.289	0.148408972
507	834.291	0.148169603
508	834.294	0.147810549
509	834.296	0.147571179
510	834.299	0.147212125
511	834.301	0.146972756
512	834.304	0.146613702
513	834.306	0.146374333
514	834.308	0.146134964
515	834.311	0.14577591
516	834.313	0.14553654
517	834.316	0.145177486
518	834.318	0.144938117
519	834.32	0.144698748
520	834.323	0.144339694
521	834.325	0.144100324
522	834.327	0.143860955
523	834.33	0.143501901
524	834.332	0.143262532
525	834.334	0.143023163
526	834.337	0.142664109
527	834.339	0.142424739
528	834.341	0.14218537
529	834.343	0.141946001
530	834.346	0.141586947
531	834.348	0.141347577
532	834.35	0.141108208
533	834.352	0.140868839
534	834.355	0.140509785
535	834.357	0.140270416
536	834.359	0.140031046
537	834.361	0.139791677
538	834.364	0.139432623
539	834.366	0.139193254
540	834.368	0.138953884
541	834.37	0.138714515
542	834.372	0.138475146
543	834.374	0.138235776
544	834.377	0.137876722
545	834.379	0.137637353
546	834.381	0.137397984
547	834.383	0.137158614
548	834.385	0.136919245
549	834.387	0.136679876
550	834.389	0.136440507
551	834.391	0.136201137
552	834.393	0.135961768
553	834.396	0.135602714
554	834.398	0.135363345
555	834.4	0.135123975
556	834.402	0.134884606
557	834.404	0.134645237
558	834.406	0.134405867
559	834.408	0.134166498
560	834.41	0.133927129
561	834.412	0.133687759
562	834.414	0.13344839
563	834.416	0.133209021
564	834.418	0.132969652
565	834.42	0.132730282
566	834.422	0.132490913
567	834.424	0.132251544
568	834.426	0.132012174
569	834.428	0.131772805
570	834.43	0.131533436
571	834.432	0.131294066
572	834.434	0.131054697
573	834.436	0.130815328
574	834.438	0.130575958
575	834.439	0.130456274
576	834.441	0.130216905
577	834.443	0.129977535
578	834.445	0.129738166
579	834.447	0.129498797
580	834.449	0.129259427
581	834.451	0.129020058
582	834.453	0.128780689
583	834.455	0.128541319
584	834.456	0.128421635
585	834.458	0.128182265
586	834.46	0.127942896
587	834.462	0.127703527
588	834.464	0.127464157
589	834.466	0.127224788
590	834.467	0.127105103
591	834.469	0.126865734
592	834.471	0.126626365
593	834.473	0.126386996
594	834.475	0.126147626
595	834.477	0.125908257
596	834.478	0.125788572
597	834.48	0.125549203
598	834.482	0.125309834
599	834.484	0.125070464
600	834.485	0.12495078
601	834.487	0.12471141
602	834.489	0.124472041
603	834.491	0.124232672
604	834.492	0.124112987
605	834.494	0.123873618
606	834.496	0.123634248
607	834.498	0.123394879
608	834.499	0.123275195
609	834.501	0.123035825
610	834.503	0.122796456
611	834.504	0.122676771
612	834.506	0.122437402
613	834.508	0.122198033
614	834.51	0.121958663
615	834.511	0.121838979
616	834.513	0.121599609
617	834.515	0.12136024
618	834.516	0.121240555
619	834.518	0.121001186
620	834.52	0.120761817
621	834.521	0.120642132
622	834.523	0.120402763
623	834.524	0.120283078
624	834.526	0.120043709
625	834.528	0.11980434
626	834.529	0.119684655
627	834.531	0.119445286
628	834.533	0.119205916
629	834.534	0.119086232
630	834.536	0.118846862
631	834.537	0.118727178
632	834.539	0.118487808
633	834.541	0.118248439
634	834.542	0.118128754
635	834.544	0.117889385
636	834.545	0.1177697
637	834.547	0.117530331
638	834.548	0.117410646
639	834.55	0.117171277
640	834.551	0.117051592
641	834.553	0.116812223
642	834.555	0.116572854
643	834.556	0.116453169
644	834.558	0.1162138
645	834.559	0.116094115
646	834.561	0.115854746
647	834.562	0.115735061
648	834.564	0.115495692
649	834.565	0.115376007
650	834.567	0.115136638
651	834.568	0.115016953
652	834.57	0.114777584
653	834.571	0.114657899
654	834.573	0.11441853
655	834.574	0.114298845
656	834.576	0.114059476
657	834.577	0.113939791
658	834.579	0.113700422
659	834.58	0.113580737
660	834.582	0.113341368
661	834.583	0.113221684
662	834.584	0.113101999
663	834.586	0.11286263
664	834.587	0.112742945
665	834.589	0.112503576
666	834.59	0.112383891
667	834.592	0.112144522
668	834.593	0.112024837
669	834.594	0.111905152
670	834.596	0.111665783
671	834.597	0.111546098
672	834.599	0.111306729
673	834.6	0.111187044
674	834.601	0.11106736
675	834.603	0.11082799
676	834.604	0.110708306
677	834.606	0.110468936
678	834.607	0.110349252
679	834.608	0.110229567
680	834.61	0.109990198
681	834.611	0.109870513
682	834.613	0.109631144
683	834.614	0.109511459
684	834.615	0.109391775
685	834.617	0.109152405
686	834.618	0.109032721
687	834.619	0.108913036
688	834.621	0.108673667
689	834.622	0.108553982
690	834.623	0.108434297
691	834.625	0.108194928
692	834.626	0.108075243
693	834.627	0.107955559
694	834.629	0.107716189
695	834.63	0.107596505
696	834.631	0.10747682
697	834.633	0.107237451
698	834.634	0.107117766
699	834.635	0.106998081
700	834.636	0.106878397
701	834.638	0.106639027
702	834.639	0.106519343
703	834.64	0.106399658
704	834.642	0.106160289
705	834.643	0.106040604
706	834.644	0.10592092
707	834.645	0.105801235
708	834.647	0.105561866
709	834.648	0.105442181
710	834.649	0.105322496
711	834.65	0.105202812
712	834.652	0.104963442
713	834.653	0.104843758
714	834.654	0.104724073
715	834.655	0.104604388
716	834.657	0.104365019
717	834.658	0.104245334
718	834.659	0.10412565
719	834.66	0.104005965
720	834.662	0.103766596
721	834.663	0.103646911
722	834.664	0.103527226
723	834.665	0.103407542
724	834.666	0.103287857
725	834.668	0.103048488
726	834.669	0.102928803
727	834.67	0.102809119
728	834.671	0.102689434
729	834.672	0.102569749
730	834.674	0.10233038
731	834.675	0.102210695
732	834.676	0.102091011
733	834.677	0.101971326
734	834.678	0.101851641
735	834.68	0.101612272
736	834.681	0.101492587
737	834.682	0.101372903
738	834.683	0.101253218
739	834.684	0.101133533
740	834.685	0.101013849
741	834.687	0.100774479
742	834.688	0.100654795
743	834.689	0.10053511
744	834.69	0.100415425
745	834.691	0.100295741
746	834.692	0.100176056
747	834.693	0.100056371
748	834.695	0.099817002
749	834.696	0.099697318
750	834.697	0.099577633
751	834.698	0.099457948
752	834.699	0.099338264
753	834.7	0.099218579
754	834.701	0.099098894
755	834.702	0.09897921
756	834.704	0.09873984
757	834.705	0.098620156
758	834.706	0.098500471
759	834.707	0.098380786
760	834.708	0.098261102
761	834.709	0.098141417
762	834.71	0.098021732
763	834.711	0.097902048
764	834.712	0.097782363
765	834.713	0.097662678
766	834.715	0.097423309
767	834.716	0.097303624
768	834.717	0.09718394
769	834.718	0.097064255
770	834.719	0.09694457
771	834.72	0.096824886
772	834.721	0.096705201
773	834.722	0.096585516
774	834.723	0.096465832
775	834.724	0.096346147
776	834.725	0.096226463
777	834.726	0.096106778
778	834.727	0.095987093
779	834.728	0.095867409
780	834.729	0.095747724
781	834.73	0.095628039
782	834.731	0.095508355
783	834.732	0.09538867
784	834.734	0.095149301
785	834.735	0.095029616
786	834.736	0.094909931
787	834.737	0.094790247
788	834.738	0.094670562
789	834.739	0.094550877
790	834.74	0.094431193
791	834.741	0.094311508
792	834.742	0.094191823
793	834.743	0.094072139
794	834.744	0.093952454
795	834.745	0.093832769
796	834.746	0.093713085
797	834.747	0.0935934
798	834.748	0.093473715
799	834.749	0.093354031
800	834.75	0.093234346
801	834.751	0.093114661
802	834.752	0.092994977
803	834.753	0.092875292
804	834.754	0.092755608
805	834.755	0.092635923
806	834.756	0.092516238
807	834.757	0.092396554
808	834.758	0.092276869
809	834.759	0.092157184
810	834.759	0.092157184
811	834.76	0.0920375
812	834.761	0.091917815
813	834.762	0.09179813
814	834.763	0.091678446
815	834.764	0.091558761
816	834.765	0.091439076
817	834.766	0.091319392
818	834.767	0.091199707
819	834.768	0.091080022
820	834.769	0.090960338
821	834.77	0.090840653
822	834.771	0.090720968
823	834.772	0.090601284
824	834.773	0.090481599
825	834.774	0.090361914
826	834.775	0.09024223
827	834.776	0.090122545
828	834.777	0.09000286
829	834.777	0.09000286
830	834.778	0.089883176
831	834.779	0.089763491
832	834.78	0.089643806
833	834.781	0.089524122
834	834.782	0.089404437
835	834.783	0.089284753
836	834.784	0.089165068
837	834.785	0.089045383
838	834.786	0.088925699
839	834.787	0.088806014
840	834.787	0.088806014
841	834.788	0.088686329
842	834.789	0.088566645
843	834.79	0.08844696
844	834.791	0.088327275
845	834.792	0.088207591
846	834.793	0.088087906
847	834.794	0.087968221
848	834.795	0.087848537
849	834.795	0.087848537
850	834.796	0.087728852
851	834.797	0.087609167
852	834.798	0.087489483
853	834.799	0.087369798
854	834.8	0.087250113
855	834.801	0.087130429
856	834.802	0.087010744
857	834.802	0.087010744
858	834.803	0.086891059
859	834.804	0.086771375
860	834.805	0.08665169
861	834.806	0.086532005
862	834.807	0.086412321
863	834.808	0.086292636
864	834.808	0.086292636
865	834.809	0.086172952
866	834.81	0.086053267
867	834.811	0.085933582
868	834.812	0.085813898
869	834.813	0.085694213
870	834.813	0.085694213
871	834.814	0.085574528
872	834.815	0.085454844
873	834.816	0.085335159
874	834.817	0.085215474
875	834.818	0.08509579
876	834.818	0.08509579
877	834.819	0.084976105
878	834.82	0.08485642
879	834.821	0.084736736
880	834.822	0.084617051
881	834.823	0.084497366
882	834.823	0.084497366
883	834.824	0.084377682
884	834.825	0.084257997
885	834.826	0.084138312
886	834.827	0.084018628
887	834.827	0.084018628
888	834.828	0.083898943
889	834.829	0.083779258
890	834.83	0.083659574
891	834.831	0.083539889
892	834.831	0.083539889
893	834.832	0.083420204
894	834.833	0.08330052
895	834.834	0.083180835
896	834.835	0.08306115
897	834.835	0.08306115
898	834.836	0.082941466
899	834.837	0.082821781
900	834.838	0.082702097
901	834.839	0.082582412
902	834.839	0.082582412
903	834.84	0.082462727
904	834.841	0.082343043
905	834.842	0.082223358
906	834.842	0.082223358
907	834.843	0.082103673
908	834.844	0.081983989
909	834.845	0.081864304
910	834.846	0.081744619
911	834.846	0.081744619
912	834.847	0.081624935
913	834.848	0.08150525
914	834.849	0.081385565
915	834.849	0.081385565
916	834.85	0.081265881
917	834.851	0.081146196
918	834.852	0.081026511
919	834.852	0.081026511
920	834.853	0.080906827
921	834.854	0.080787142
922	834.855	0.080667457
923	834.855	0.080667457
924	834.856	0.080547773
925	834.857	0.080428088
926	834.858	0.080308403
927	834.858	0.080308403
928	834.859	0.080188719
929	834.86	0.080069034
930	834.861	0.079949349
931	834.861	0.079949349
932	834.862	0.079829665
933	834.863	0.07970998
934	834.863	0.07970998
935	834.864	0.079590295
936	834.865	0.079470611
937	834.866	0.079350926
938	834.866	0.079350926
939	834.867	0.079231242
940	834.868	0.079111557
941	834.868	0.079111557
942	834.869	0.078991872
943	834.87	0.078872188
944	834.871	0.078752503
945	834.871	0.078752503
946	834.872	0.078632818
947	834.873	0.078513134
948	834.873	0.078513134
949	834.874	0.078393449
950	834.875	0.078273764
951	834.876	0.07815408
952	834.876	0.07815408
953	834.877	0.078034395
954	834.878	0.07791471
955	834.878	0.07791471
956	834.879	0.077795026
957	834.88	0.077675341
958	834.88	0.077675341
959	834.881	0.077555656
960	834.882	0.077435972
961	834.883	0.077316287
962	834.883	0.077316287
963	834.884	0.077196602
964	834.885	0.077076918
965	834.885	0.077076918
966	834.886	0.076957233
967	834.887	0.076837548
968	834.887	0.076837548
969	834.888	0.076717864
970	834.889	0.076598179
971	834.889	0.076598179
972	834.89	0.076478494
973	834.891	0.07635881
974	834.891	0.07635881
975	834.892	0.076239125
976	834.893	0.07611944
977	834.893	0.07611944
978	834.894	0.075999756
979	834.895	0.075880071
980	834.895	0.075880071
981	834.896	0.075760387
982	834.897	0.075640702
983	834.897	0.075640702
984	834.898	0.075521017
985	834.899	0.075401333
986	834.899	0.075401333
987	834.9	0.075281648
988	834.901	0.075161963
989	834.901	0.075161963
990	834.902	0.075042279
991	834.902	0.075042279
992	834.903	0.074922594
993	834.904	0.074802909
994	834.904	0.074802909
995	834.905	0.074683225
996	834.906	0.07456354
997	834.906	0.07456354
998	834.907	0.074443855
999	834.908	0.074324171
