M		   6               7               8               9              10              11              12              13               14              15

-24		-1.71E+01	-2.01E+01	-2.37E+01	-2.82E+01	-3.37E+01	-4.04E+01	-4.86E+01	-5.86E+01	-7.09E+01	-85.9137
-23.8		-1.48E+01	-1.73E+01	-2.04E+01	-2.42E+01	-2.87E+01	-3.43E+01	-4.11E+01	-4.95E+01	-5.97E+01	-72.2333
-23.6		-1.29E+01	-1.51E+01	-1.76E+01	-2.08E+01	-2.46E+01	-2.92E+01	-3.49E+01	-4.19E+01	-5.04E+01	-60.8426
-23.4		-1.14E+01	-1.31E+01	-1.53E+01	-1.79E+01	-2.11E+01	-2.50E+01	-2.98E+01	-3.56E+01	-4.27E+01	-51.3563
-23.2		-1.01E+01	-1.16E+01	-1.34E+01	-1.55E+01	-1.82E+01	-2.15E+01	-2.54E+01	-3.03E+01	-3.62E+01	-43.454
-23		-8.96517	-1.02E+01	-1.17E+01	-1.36E+01	-1.58E+01	-1.85E+01	-2.18E+01	-2.59E+01	-3.08E+01	-36.8693
-22.8		-8.0387		-9.09094	-10.3627	-1.19E+01	-1.38E+01	-1.61E+01	-1.88E+01	-2.22E+01	-2.63E+01	-31.3805
-22.6		-7.25797	-8.14624	-9.21724	-10.5134	-12.0853	-1.40E+01	-1.63E+01	-1.91E+01	-2.26E+01	-26.8032
-22.4		-6.59846	-7.35016	-8.25399	-9.34543	-10.6667	-12.2692	-14.2159	-16.5839	-1.95E+01	-22.9841
-22.2		-6.03979	-6.67769	-7.44227	-8.36328	-9.47586	-10.8228	-12.4564	-14.441		-16.8552	-19.7956
-22		-5.56498	-6.10803	-6.7566		-7.53565	-8.47446	-9.60863	-10.9817	-12.6471	-14.6703	-17.1316
-21.8		-5.15993	-5.62389	-6.17577	-6.83655	-7.63063	-8.58763	-9.7438		-11.1436	-12.8413	-14.9039
-21.6		-4.8129		-5.21088	-5.68214	-6.24434	-6.91784	-7.72729	-8.70283	-9.88141	-11.3083	-13.0391
-21.4		-4.51413	-4.85704	-5.26103	-5.74105	-6.31407	-7.00059	-7.82569	-8.82011	-10.0215	-11.4761
-21.2		-4.25551	-4.5524		-4.90026	-5.31172	-5.80095	-6.38503	-7.08481	-7.92586	-8.93951	-10.1642
-21		-4.03027	-4.2887		-4.58967	-4.94391	-5.36326	-5.86193	-6.45727	-7.17055	-8.02783	-9.06105
-20.8		-3.8328		-4.05904	-4.32081	-4.62726	-4.98828	-5.41572	-5.924		-6.53081	-7.25783	-8.13162
-20.6		-3.65843	-3.8577		-4.08666	-4.35317	-4.66549	-5.03347	-5.46914	-5.98719	-6.60567	-7.34667
-20.4		-3.50328	-3.67991	-3.8814		-4.11448	-4.38608	-4.70443	-5.0795		-5.52353	-6.05153	-6.68187
-20.2		-3.3641		-3.52171	-3.70015	-3.90523	-4.14277	-4.41963	-4.7441		-5.12637	-5.57892	-6.11702
-20		-3.23822	-3.37981	-3.53887	-3.72047	-3.92949	-4.17164	-4.45383	-4.78453	-5.17412	-5.63531
-19.8		-3.12339	-3.25146	-3.39421	-3.55608	-3.74118	-3.95426	-4.20108	-4.48869	-4.82572	-5.22274
-19.6		-3.01776	-3.13439	-3.26337	-3.40863	-3.57363	-3.76234	-3.97956	-4.23113	-4.52424	-4.86768
-19.4		-2.91977	-3.02669	-3.14403	-3.27527	-3.42336	-3.59161	-3.78399	-4.00539	-4.26177	-4.56046
-19.2		-2.82815	-2.92679	-3.03425	-3.15364	-3.28747	-3.43849	-3.61002	-3.80613	-4.03177	-4.29303
-19		-2.74182	-2.83338	-2.93242	-3.04176	-3.16352	-3.30002	-3.45402	-3.62889	-3.82876	-4.05869
-18.8		-2.6599		-2.74536	-2.8372		-2.93798	-3.04952	-3.17374	-3.31295	-3.46996	-3.6482		-3.85189
-18.6		-2.58163	-2.66183	-2.74749	-2.84095	-2.94378	-3.0576		-3.18432	-3.32627	-3.48633	-3.66798
-18.4		-2.50641	-2.58204	-2.66236	-2.74954	-2.84493	-2.94989	-3.06602	-3.19526	-3.33998	-3.50311
-18.2		-2.43372	-2.50535	-2.58103	-2.66278	-2.75179	-2.84919	-2.95631	-3.07478	-3.20656	-3.35408
-18		-2.36313	-2.43124	-2.50286	-2.57991	-2.66341	-2.75433	-2.85376	-2.96307	-3.08389	-3.21823
-17.8		-2.2943		-2.35928	-2.42733	-2.50027	-2.57899	-2.66431	-2.75716	-2.85865	-2.97015	-3.09334
-17.6		-2.22693	-2.28911	-2.35399	-2.42331	-2.49786	-2.57834	-2.6655		-2.76029	-2.86385	-2.97756
-17.4		-2.16077	-2.22042	-2.28248	-2.34859	-2.41947	-2.49572	-2.57796	-2.66699	-2.76373	-2.86937
-17.2		-2.09562	-2.15297	-2.21247	-2.27572	-2.34336	-2.41589	-2.49384	-2.57787	-2.66876	-2.76748
-17		-2.0313		-2.08655	-2.14373	-2.2044		-2.26914	-2.33838	-2.41257	-2.49225	-2.57807	-2.67084
-16.8		-1.96769	-2.02099	-2.07604	-2.13436	-2.1965		-2.26281	-2.33367	-2.40953	-2.49094	-2.57855
-16.6		-1.90465	-1.95613	-2.00922	-2.06539	-2.12516	-2.18884	-2.25673	-2.32922	-2.40676	-2.4899
-16.4		-1.8421		-1.89187	-1.94312	-1.99732	-2.05492	-2.11621	-2.18144	-2.25093	-2.32505	-2.40427
-16.2		-1.77995	-1.82809	-1.87763	-1.92998	-1.98559	-2.04469	-2.1075		-2.1743		-2.24539	-2.32115
-16		-1.71813	-1.76473	-1.81264	-1.86326	-1.917		-1.97409	-2.0347		-2.09906	-2.16742	-2.24011
-15.8		-1.65659	-1.70171	-1.74806	-1.79704	-1.84905	-1.90426	-1.96285	-2.02498	-2.09088	-2.16081
-15.6		-1.59528	-1.63897	-1.68384	-1.73126	-1.78162	-1.83508	-1.89177	-1.95186	-2.01552	-2.08296
-15.4		-1.53416	-1.57647	-1.6199		-1.66583	-1.71462	-1.76642	-1.82135	-1.87954	-1.94113	-2.00631
-15.2		-1.4732		-1.51416	-1.5562		-1.60069	-1.64798	-1.69821	-1.75148	-1.80788	-1.86756	-1.93066
-15		-1.41238	-1.45202	-1.4927		-1.5358		-1.58164	-1.63036	-1.68205	-1.73678	-1.79467	-1.85584
