               6        6.5          7        7.5          8        8.5          9        9.5         10       10.5         11       11.5         12       12.5         13       13.5         14       14.5         15       15.5

26.000 |      0.000      0.000      0.000      0.000      0.000      0.000      0.000      0.000      0.000      0.000      0.000      0.000      0.000      0.000      0.000      0.000      0.000      0.000      0.000      0.000  |      0.000
26.050 |      0.001      0.000      0.000      0.000      0.000      0.000      0.000      0.000      0.000      0.000      0.000      0.000      0.000      0.000      0.000      0.000      0.000      0.000      0.000      0.000  |      0.001
26.100 |      0.001      0.000      0.000      0.000      0.000      0.000      0.000      0.000      0.000      0.000      0.000      0.000      0.000      0.000      0.000      0.000      0.000      0.000      0.000      0.000  |      0.001
26.150 |      0.002      0.000      0.000      0.000      0.000      0.000      0.000      0.000      0.000      0.000      0.000      0.000      0.000      0.000      0.000      0.000      0.000      0.000      0.000      0.000  |      0.002
26.200 |      0.003      0.000      0.000      0.000      0.000      0.000      0.000      0.000      0.000      0.000      0.000      0.000      0.000      0.000      0.000      0.000      0.000      0.000      0.000      0.000  |      0.003
26.250 |      0.005      0.000      0.000      0.000      0.000      0.000      0.000      0.000      0.000      0.000      0.000      0.000      0.000      0.000      0.000      0.000      0.000      0.000      0.000      0.000  |      0.005
26.300 |      0.007      0.000      0.000      0.000      0.000      0.000      0.000      0.000      0.000      0.000      0.000      0.000      0.000      0.000      0.000      0.000      0.000      0.000      0.000      0.000  |      0.008
26.350 |      0.011      0.001      0.000      0.000      0.000      0.000      0.000      0.000      0.000      0.000      0.000      0.000      0.000      0.000      0.000      0.000      0.000      0.000      0.000      0.000  |      0.011
26.400 |      0.016      0.001      0.000      0.000      0.000      0.000      0.000      0.000      0.000      0.000      0.000      0.000      0.000      0.000      0.000      0.000      0.000      0.000      0.000      0.000  |      0.017
26.450 |      0.023      0.002      0.000      0.000      0.000      0.000      0.000      0.000      0.000      0.000      0.000      0.000      0.000      0.000      0.000      0.000      0.000      0.000      0.000      0.000  |      0.025
26.500 |      0.033      0.003      0.000      0.000      0.000      0.000      0.000      0.000      0.000      0.000      0.000      0.000      0.000      0.000      0.000      0.000      0.000      0.000      0.000      0.000  |      0.036
26.550 |      0.047      0.004      0.000      0.000      0.000      0.000      0.000      0.000      0.000      0.000      0.000      0.000      0.000      0.000      0.000      0.000      0.000      0.000      0.000      0.000  |      0.051
26.600 |      0.065      0.006      0.000      0.000      0.000      0.000      0.000      0.000      0.000      0.000      0.000      0.000      0.000      0.000      0.000      0.000      0.000      0.000      0.000      0.000  |      0.071
26.650 |      0.089      0.009      0.001      0.000      0.000      0.000      0.000      0.000      0.000      0.000      0.000      0.000      0.000      0.000      0.000      0.000      0.000      0.000      0.000      0.000  |      0.099
26.700 |      0.121      0.014      0.001      0.000      0.000      0.000      0.000      0.000      0.000      0.000      0.000      0.000      0.000      0.000      0.000      0.000      0.000      0.000      0.000      0.000  |      0.135
26.750 |      0.162      0.020      0.002      0.000      0.000      0.000      0.000      0.000      0.000      0.000      0.000      0.000      0.000      0.000      0.000      0.000      0.000      0.000      0.000      0.000  |      0.183
26.800 |      0.214      0.028      0.002      0.000      0.000      0.000      0.000      0.000      0.000      0.000      0.000      0.000      0.000      0.000      0.000      0.000      0.000      0.000      0.000      0.000  |      0.245
26.850 |      0.281      0.040      0.004      0.000      0.000      0.000      0.000      0.000      0.000      0.000      0.000      0.000      0.000      0.000      0.000      0.000      0.000      0.000      0.000      0.000  |      0.325
26.900 |      0.365      0.055      0.006      0.000      0.000      0.000      0.000      0.000      0.000      0.000      0.000      0.000      0.000      0.000      0.000      0.000      0.000      0.000      0.000      0.000  |      0.426
26.950 |      0.469      0.076      0.009      0.001      0.000      0.000      0.000      0.000      0.000      0.000      0.000      0.000      0.000      0.000      0.000      0.000      0.000      0.000      0.000      0.000  |      0.554
27.000 |      0.597      0.103      0.013      0.001      0.000      0.000      0.000      0.000      0.000      0.000      0.000      0.000      0.000      0.000      0.000      0.000      0.000      0.000      0.000      0.000  |      0.714
27.050 |      0.753      0.139      0.019      0.002      0.000      0.000      0.000      0.000      0.000      0.000      0.000      0.000      0.000      0.000      0.000      0.000      0.000      0.000      0.000      0.000  |      0.912
27.100 |      0.941      0.184      0.027      0.003      0.000      0.000      0.000      0.000      0.000      0.000      0.000      0.000      0.000      0.000      0.000      0.000      0.000      0.000      0.000      0.000  |      1.155
27.150 |      1.168      0.241      0.038      0.004      0.000      0.000      0.000      0.000      0.000      0.000      0.000      0.000      0.000      0.000      0.000      0.000      0.000      0.000      0.000      0.000  |      1.451
27.200 |      1.437      0.314      0.052      0.006      0.001      0.000      0.000      0.000      0.000      0.000      0.000      0.000      0.000      0.000      0.000      0.000      0.000      0.000      0.000      0.000  |      1.809
27.250 |      1.754      0.403      0.071      0.009      0.001      0.000      0.000      0.000      0.000      0.000      0.000      0.000      0.000      0.000      0.000      0.000      0.000      0.000      0.000      0.000  |      2.239
27.300 |      2.127      0.514      0.097      0.014      0.001      0.000      0.000      0.000      0.000      0.000      0.000      0.000      0.000      0.000      0.000      0.000      0.000      0.000      0.000      0.000  |      2.753
27.350 |      2.560      0.649      0.130      0.019      0.002      0.000      0.000      0.000      0.000      0.000      0.000      0.000      0.000      0.000      0.000      0.000      0.000      0.000      0.000      0.000  |      3.361
27.400 |      3.062      0.812      0.172      0.028      0.003      0.000      0.000      0.000      0.000      0.000      0.000      0.000      0.000      0.000      0.000      0.000      0.000      0.000      0.000      0.000  |      4.077
27.450 |      3.639      1.008      0.225      0.039      0.005      0.000      0.000      0.000      0.000      0.000      0.000      0.000      0.000      0.000      0.000      0.000      0.000      0.000      0.000      0.000  |      4.916
27.500 |      4.298      1.241      0.291      0.053      0.007      0.001      0.000      0.000      0.000      0.000      0.000      0.000      0.000      0.000      0.000      0.000      0.000      0.000      0.000      0.000  |      5.892
27.550 |      5.046      1.517      0.374      0.073      0.011      0.001      0.000      0.000      0.000      0.000      0.000      0.000      0.000      0.000      0.000      0.000      0.000      0.000      0.000      0.000  |      7.022
27.600 |      5.892      1.840      0.476      0.098      0.015      0.002      0.000      0.000      0.000      0.000      0.000      0.000      0.000      0.000      0.000      0.000      0.000      0.000      0.000      0.000  |      8.323
27.650 |      6.844      2.216      0.599      0.131      0.022      0.003      0.000      0.000      0.000      0.000      0.000      0.000      0.000      0.000      0.000      0.000      0.000      0.000      0.000      0.000  |      9.815
27.700 |      7.909      2.652      0.749      0.172      0.031      0.004      0.000      0.000      0.000      0.000      0.000      0.000      0.000      0.000      0.000      0.000      0.000      0.000      0.000      0.000  |     11.517
27.750 |      9.094      3.153      0.928      0.224      0.043      0.006      0.001      0.000      0.000      0.000      0.000      0.000      0.000      0.000      0.000      0.000      0.000      0.000      0.000      0.000  |     13.449
27.800 |     10.409      3.726      1.141      0.289      0.058      0.009      0.001      0.000      0.000      0.000      0.000      0.000      0.000      0.000      0.000      0.000      0.000      0.000      0.000      0.000  |     15.634
27.850 |     11.861      4.378      1.392      0.369      0.079      0.013      0.002      0.000      0.000      0.000      0.000      0.000      0.000      0.000      0.000      0.000      0.000      0.000      0.000      0.000  |     18.093
27.900 |     13.458      5.114      1.686      0.468      0.105      0.019      0.002      0.000      0.000      0.000      0.000      0.000      0.000      0.000      0.000      0.000      0.000      0.000      0.000      0.000  |     20.852
27.950 |     15.208      5.943      2.027      0.587      0.139      0.026      0.004      0.000      0.000      0.000      0.000      0.000      0.000      0.000      0.000      0.000      0.000      0.000      0.000      0.000  |     23.934
28.000 |     17.118      6.870      2.423      0.730      0.182      0.036      0.006      0.001      0.000      0.000      0.000      0.000      0.000      0.000      0.000      0.000      0.000      0.000      0.000      0.000  |     27.366
28.050 |     19.196      7.904      2.877      0.902      0.235      0.050      0.008      0.001      0.000      0.000      0.000      0.000      0.000      0.000      0.000      0.000      0.000      0.000      0.000      0.000  |     31.172
28.100 |     21.451      9.050      3.395      1.104      0.301      0.067      0.012      0.002      0.000      0.000      0.000      0.000      0.000      0.000      0.000      0.000      0.000      0.000      0.000      0.000  |     35.382
28.150 |     23.888     10.317      3.984      1.343      0.382      0.090      0.017      0.002      0.000      0.000      0.000      0.000      0.000      0.000      0.000      0.000      0.000      0.000      0.000      0.000  |     40.023
28.200 |     26.516     11.710      4.648      1.621      0.481      0.119      0.024      0.004      0.000      0.000      0.000      0.000      0.000      0.000      0.000      0.000      0.000      0.000      0.000      0.000  |     45.123
28.250 |     29.341     13.238      5.395      1.943      0.600      0.156      0.033      0.005      0.001      0.000      0.000      0.000      0.000      0.000      0.000      0.000      0.000      0.000      0.000      0.000  |     50.712
28.300 |     32.370     14.906      6.231      2.315      0.742      0.202      0.045      0.008      0.001      0.000      0.000      0.000      0.000      0.000      0.000      0.000      0.000      0.000      0.000      0.000  |     56.821
28.350 |     35.611     16.722      7.161      2.741      0.911      0.259      0.061      0.011      0.002      0.000      0.000      0.000      0.000      0.000      0.000      0.000      0.000      0.000      0.000      0.000  |     63.480
28.400 |     39.070     18.692      8.192      3.226      1.110      0.329      0.081      0.016      0.002      0.000      0.000      0.000      0.000      0.000      0.000      0.000      0.000      0.000      0.000      0.000  |     70.720
28.450 |     42.754     20.823      9.330      3.775      1.343      0.414      0.107      0.023      0.004      0.000      0.000      0.000      0.000      0.000      0.000      0.000      0.000      0.000      0.000      0.000  |     78.574
28.500 |     46.669     23.121     10.581      4.394      1.613      0.517      0.140      0.031      0.005      0.001      0.000      0.000      0.000      0.000      0.000      0.000      0.000      0.000      0.000      0.000  |     87.074
28.550 |     50.822     25.593     11.952      5.088      1.925      0.641      0.182      0.043      0.008      0.001      0.000      0.000      0.000      0.000      0.000      0.000      0.000      0.000      0.000      0.000  |     96.254
28.600 |     55.218     28.245     13.448      5.862      2.283      0.787      0.233      0.057      0.011      0.002      0.000      0.000      0.000      0.000      0.000      0.000      0.000      0.000      0.000      0.000  |    106.147
28.650 |     59.865     31.083     15.075      6.723      2.692      0.959      0.295      0.077      0.016      0.003      0.000      0.000      0.000      0.000      0.000      0.000      0.000      0.000      0.000      0.000  |    116.788
28.700 |     64.768     34.113     16.840      7.674      3.155      1.161      0.372      0.101      0.023      0.004      0.001      0.000      0.000      0.000      0.000      0.000      0.000      0.000      0.000      0.000  |    128.212
28.750 |     69.935     37.341     18.748      8.723      3.678      1.396      0.464      0.132      0.031      0.006      0.001      0.000      0.000      0.000      0.000      0.000      0.000      0.000      0.000      0.000  |    140.454
28.800 |     75.371     40.773     20.804      9.874      4.265      1.667      0.574      0.170      0.042      0.008      0.001      0.000      0.000      0.000      0.000      0.000      0.000      0.000      0.000      0.000  |    153.550
28.850 |     81.082     44.414     23.015     11.133      4.921      1.978      0.705      0.217      0.057      0.012      0.002      0.000      0.000      0.000      0.000      0.000      0.000      0.000      0.000      0.000  |    167.536
28.900 |     87.076     48.270     25.386     12.505      5.651      2.334      0.859      0.275      0.075      0.017      0.003      0.000      0.000      0.000      0.000      0.000      0.000      0.000      0.000      0.000  |    182.451
28.950 |     93.358     52.348     27.923     13.996      6.459      2.737      1.039      0.346      0.099      0.023      0.004      0.001      0.000      0.000      0.000      0.000      0.000      0.000      0.000      0.000  |    198.332
29.000 |     99.936     56.652     30.630     15.610      7.351      3.192      1.248      0.430      0.128      0.032      0.007      0.001      0.000      0.000      0.000      0.000      0.000      0.000      0.000      0.000  |    215.218
29.050 |    106.817     61.189     33.513     17.353      8.331      3.704      1.490      0.532      0.165      0.043      0.009      0.002      0.000      0.000      0.000      0.000      0.000      0.000      0.000      0.000  |    233.147
29.100 |    114.006     65.964     36.578     19.229      9.404      4.276      1.767      0.651      0.210      0.058      0.013      0.002      0.000      0.000      0.000      0.000      0.000      0.000      0.000      0.000  |    252.160
29.150 |    121.513     70.983     39.830     21.245     10.575      4.913      2.084      0.792      0.265      0.076      0.018      0.004      0.001      0.000      0.000      0.000      0.000      0.000      0.000      0.000  |    272.297
29.200 |    129.343     76.252     43.273     23.404     11.848      5.619      2.443      0.957      0.332      0.099      0.025      0.005      0.001      0.000      0.000      0.000      0.000      0.000      0.000      0.000  |    293.600
29.250 |    137.505     81.776     46.913     25.712     13.228      6.398      2.848      1.148      0.412      0.128      0.034      0.007      0.001      0.000      0.000      0.000      0.000      0.000      0.000      0.000  |    316.111
29.300 |    146.007     87.562     50.754     28.173     14.719      7.254      3.304      1.369      0.507      0.164      0.046      0.011      0.002      0.000      0.000      0.000      0.000      0.000      0.000      0.000  |    339.873
29.350 |    154.857     93.617     54.803     30.793     16.327      8.192      3.813      1.621      0.620      0.209      0.061      0.015      0.003      0.000      0.000      0.000      0.000      0.000      0.000      0.000  |    364.930
29.400 |    164.064     99.946     59.065     33.575     18.055      9.216      4.379      1.909      0.752      0.262      0.079      0.020      0.004      0.001      0.000      0.000      0.000      0.000      0.000      0.000  |    391.328
29.450 |    173.637    106.556     63.544     36.524     19.907     10.330      5.007      2.236      0.906      0.327      0.103      0.028      0.006      0.001      0.000      0.000      0.000      0.000      0.000      0.000  |    419.111
29.500 |    183.584    113.453     68.246     39.646     21.889     11.539      5.699      2.604      1.084      0.404      0.132      0.037      0.009      0.002      0.000      0.000      0.000      0.000      0.000      0.000  |    448.328
29.550 |    193.916    120.645     73.176     42.944     24.005     12.845      6.461      3.017      1.289      0.496      0.169      0.050      0.012      0.003      0.000      0.000      0.000      0.000      0.000      0.000  |    479.027
29.600 |    204.642    128.140     78.340     46.424     26.258     14.254      7.295      3.478      1.523      0.604      0.213      0.065      0.017      0.004      0.001      0.000      0.000      0.000      0.000      0.000  |    511.257
29.650 |    215.774    135.944     83.744     50.089     28.652     15.769      8.205      3.990      1.790      0.730      0.266      0.085      0.023      0.005      0.001      0.000      0.000      0.000      0.000      0.000  |    545.069
29.700 |    227.323    144.065     89.393     53.946     31.193     17.395      9.195      4.558      2.092      0.877      0.330      0.109      0.031      0.008      0.001      0.000      0.000      0.000      0.000      0.000  |    580.516
29.750 |    239.299    152.511     95.293     57.998     33.884     19.134     10.269      5.184      2.432      1.046      0.406      0.140      0.042      0.011      0.002      0.000      0.000      0.000      0.000      0.000  |    617.650
29.800 |    251.715    161.292    101.451     62.250     36.729     20.991     11.431      5.871      2.812      1.240      0.496      0.177      0.055      0.015      0.003      0.001      0.000      0.000      0.000      0.000  |    656.528
29.850 |    264.582    170.414    107.873     66.708     39.733     22.970     12.683      6.624      3.237      1.461      0.601      0.221      0.072      0.020      0.005      0.001      0.000      0.000      0.000      0.000  |    697.206
29.900 |    277.916    179.889    114.566     71.377     42.899     25.074     14.029      7.445      3.708      1.712      0.723      0.275      0.093      0.027      0.007      0.001      0.000      0.000      0.000      0.000  |    739.741
29.950 |    291.728    189.725    121.536     76.261     46.232     27.308     15.474      8.338      4.229      1.996      0.865      0.339      0.118      0.036      0.009      0.002      0.000      0.000      0.000      0.000  |    784.196
30.000 |    306.032    199.932    128.791     81.366     49.736     29.674     17.020      9.305      4.803      2.314      1.028      0.415      0.150      0.047      0.013      0.003      0.001      0.000      0.000      0.000  |    830.631
30.050 |    320.845    210.521    136.337     86.698     53.415     32.178     18.671     10.351      5.432      2.670      1.215      0.504      0.188      0.062      0.018      0.004      0.001      0.000      0.000      0.000  |    879.110
30.100 |    336.180    221.503    144.184     92.262     57.275     34.821     20.430     11.478      6.120      3.066      1.427      0.608      0.234      0.080      0.024      0.006      0.001      0.000      0.000      0.000  |    929.700
30.150 |    352.055    232.888    152.338     98.064     61.319     37.609     22.301     12.690      6.870      3.505      1.666      0.729      0.289      0.102      0.032      0.008      0.002      0.000      0.000      0.000  |    982.469
30.200 |    368.485    244.689    160.809    104.111     65.552     40.545     24.287     13.989      7.685      3.989      1.936      0.868      0.355      0.130      0.042      0.012      0.003      0.001      0.000      0.000  |   1037.486
30.250 |    385.488    256.917    169.604    110.408     69.979     43.633     26.392     15.379      8.567      4.521      2.238      1.027      0.431      0.163      0.055      0.016      0.004      0.001      0.000      0.000  |   1094.825
30.300 |    403.082    269.586    178.734    116.963     74.605     46.877     28.618     16.863      9.519      5.105      2.575      1.208      0.521      0.203      0.071      0.021      0.006      0.001      0.000      0.000  |   1154.560
30.350 |    421.286    282.709    188.207    123.782     79.435     50.281     30.969     18.444     10.545      5.741      2.949      1.414      0.625      0.251      0.091      0.029      0.008      0.002      0.000      0.000  |   1216.770
30.400 |    440.120    296.300    198.034    130.873     84.475     53.849     33.450     20.125     11.647      6.434      3.362      1.645      0.745      0.308      0.115      0.038      0.011      0.003      0.001      0.000  |   1281.534
30.450 |    459.603    310.373    208.225    138.242     89.729     57.585     36.062     21.909     12.829      7.185      3.817      1.905      0.883      0.375      0.144      0.049      0.015      0.004      0.001      0.000  |   1348.935
30.500 |    479.757    324.943    218.791    145.898     95.203     61.494     38.810     23.800     14.092      7.998      4.317      2.195      1.040      0.454      0.180      0.064      0.020      0.005      0.001      0.000  |   1419.060
30.550 |    500.603    340.026    229.742    153.849    100.904     65.580     41.698     25.799     15.439      8.875      4.862      2.517      1.218      0.545      0.222      0.081      0.026      0.007      0.002      0.000  |   1491.997
30.600 |    522.165    355.639    241.091    162.103    106.837     69.848     44.729     27.911     16.874      9.818      5.457      2.873      1.419      0.650      0.273      0.103      0.035      0.010      0.003      0.001  |   1567.838
30.650 |    544.466    371.797    252.850    170.670    113.009     74.302     47.906     30.139     18.399     10.831      6.104      3.266      1.644      0.771      0.332      0.130      0.045      0.014      0.004      0.001  |   1646.678
30.700 |    567.531    388.520    265.031    179.557    119.427     78.948     51.234     32.485     20.017     11.915      6.804      3.698      1.896      0.908      0.401      0.162      0.058      0.019      0.005      0.001  |   1728.616
30.750 |    591.385    405.825    277.648    188.775    126.097     83.790     54.716     34.953     21.731     13.073      7.559      4.171      2.177      1.064      0.482      0.200      0.075      0.025      0.007      0.002  |   1813.754
30.800 |    616.055    423.732    290.715    198.334    133.026     88.835     58.357     37.546     23.543     14.307      8.374      4.686      2.487      1.241      0.575      0.245      0.094      0.033      0.010      0.003  |   1902.198
30.850 |    641.568    442.260    304.245    208.245    140.223     94.087     62.161     40.268     25.456     15.621      9.249      5.247      2.830      1.439      0.682      0.298      0.119      0.042      0.013      0.004  |   1994.057
30.900 |    667.953    461.429    318.255    218.517    147.695     99.553     66.132     43.121     27.473     17.016     10.186      5.855      3.207      1.660      0.804      0.360      0.148      0.054      0.018      0.005  |   2089.445
30.950 |    695.240    481.263    332.759    229.163    155.450    105.238     70.276     46.110     29.598     18.496     11.189      6.512      3.620      1.907      0.943      0.433      0.182      0.069      0.024      0.007  |   2188.478
31.000 |    723.458    501.781    347.773    240.194    163.497    111.149     74.595     49.239     31.833     20.062     12.260      7.221      4.071      2.180      1.099      0.516      0.223      0.088      0.031      0.010  |   2291.279
31.050 |    752.641    523.008    363.315    251.622    171.845    117.291     79.096     52.510     34.180     21.717     13.400      7.983      4.562      2.482      1.275      0.612      0.272      0.110      0.040      0.013  |   2397.974
31.100 |    782.820    544.968    379.402    263.461    180.502    123.674     83.784     55.928     36.644     23.464     14.612      8.801      5.094      2.814      1.471      0.721      0.328      0.137      0.052      0.017  |   2508.694
31.150 |    814.031    567.686    396.052    275.723    189.480    130.302     88.663     59.496     39.227     25.306     15.899      9.676      5.670      3.178      1.690      0.845      0.393      0.169      0.066      0.023  |   2623.574
31.200 |    846.308    591.187    413.284    288.423    198.786    137.184     93.740     63.220     41.932     27.244     17.262     10.611      6.292      3.576      1.933      0.985      0.469      0.206      0.083      0.030  |   2742.753
31.250 |    879.689    615.498    431.118    301.574    208.433    144.327     99.019     67.103     44.764     29.283     18.703     11.608      6.961      4.008      2.201      1.142      0.556      0.251      0.103      0.039  |   2866.379
31.300 |    914.211    640.647    449.573    315.192    218.431    151.739    104.508     71.150     47.724     31.424     20.226     12.668      7.679      4.478      2.496      1.318      0.654      0.302      0.128      0.049  |   2994.600
31.350 |    949.914    666.663    468.672    329.292    228.792    159.430    110.212     75.365     50.818     33.670     21.833     13.794      8.448      4.987      2.819      1.514      0.767      0.362      0.158      0.063  |   3127.573
31.400 |    986.840    693.576    488.436    343.891    239.527    167.407    116.137     79.754     54.048     36.025     23.526     14.988      9.271      5.536      3.172      1.731      0.893      0.431      0.193      0.079  |   3265.460
31.450 |   1025.029    721.417    508.887    359.005    250.648    175.679    122.292     84.321     57.419     38.491     25.307     16.252     10.148      6.128      3.557      1.971      1.035      0.510      0.234      0.098  |   3408.429
31.500 |   1064.527    750.218    530.051    374.652    262.169    184.257    128.681     89.071     60.935     41.071     27.179     17.588     11.081      6.763      3.975      2.235      1.194      0.600      0.282      0.122  |   3556.652
31.550 |   1105.379    780.012    551.950    390.850    274.103    193.150    135.314     94.011     64.599     43.769     29.144     18.999     12.074      7.444      4.427      2.525      1.371      0.703      0.337      0.150  |   3710.309
31.600 |   1147.631    810.834    574.612    407.617    286.463    202.369    142.198     99.146     68.416     46.588     31.206     20.486     13.126      8.171      4.916      2.841      1.567      0.818      0.401      0.182  |   3869.587
31.650 |   1191.334    842.719    598.061    424.974    299.264    211.923    149.340    104.482     72.391     49.532     33.366     22.051     14.241      8.948      5.442      3.186      1.783      0.947      0.473      0.221  |   4034.680
31.700 |   1236.536    875.706    622.326    442.941    312.522    221.825    156.749    110.025     76.528     52.604     35.629     23.698     15.421      9.776      6.008      3.560      2.021      1.092      0.556      0.265  |   4205.785
31.750 |   1283.291    909.832    647.435    461.539    326.251    232.085    164.433    115.782     80.832     55.807     37.995     25.427     16.666     10.655      6.614      3.965      2.282      1.252      0.650      0.317  |   4383.112
31.800 |   1331.654    945.137    673.417    480.789    340.468    242.717    172.403    121.759     85.308     59.147     40.470     27.243     17.980     11.589      7.262      4.403      2.567      1.431      0.756      0.376  |   4566.874
31.850 |   1381.679    981.663    700.304    500.715    355.190    253.732    180.666    127.963     89.962     62.626     43.055     29.146     19.364     12.578      7.954      4.874      2.878      1.627      0.875      0.444  |   4757.295
31.900 |   1433.425   1019.453    728.126    521.340    370.434    265.144    189.233    134.403     94.799     66.249     45.754     31.140     20.820     13.625      8.692      5.380      3.215      1.843      1.007      0.520  |   4954.603
31.950 |   1486.953   1058.550    756.918    542.689    386.218    276.967    198.115    141.085     99.824     70.020     48.570     33.228     22.350     14.731      9.476      5.923      3.580      2.080      1.154      0.607  |   5159.039
32.000 |   1526.774   1087.914    778.772    559.083    398.493    286.288    205.222    146.517    103.978     73.192     50.982     35.049     23.712     15.734     10.202      6.437      3.933      2.314      1.303      0.698  |   5316.598
32.050 |   1583.477   1129.345    809.293    581.726    415.245    298.846    214.668    153.636    109.345     77.232     54.013     37.309     25.381     16.952     11.076      7.051      4.353      2.593      1.481      0.806  |   5533.828
32.100 |   1642.136   1172.212    840.879    605.164    432.590    311.854    224.457    161.019    114.918     81.433     57.170     39.669     27.130     18.233     12.001      7.705      4.805      2.895      1.677      0.927  |   5758.873
32.150 |   1702.818   1216.565    873.566    629.424    450.549    325.327    234.602    168.677    120.703     85.801     60.459     42.132     28.962     19.581     12.978      8.401      5.289      3.223      1.890      1.061  |   5992.008
32.200 |   1765.594   1262.457    907.394    654.537    469.144    339.282    245.116    176.617    126.708     90.340     63.882     44.703     30.879     20.996     14.009      9.140      5.807      3.576      2.124      1.209  |   6233.514
32.250 |   1830.539   1309.943    942.402    680.531    488.397    353.736    256.009    184.850    132.939     95.055     67.444     47.383     32.883     22.482     15.097      9.923      6.360      3.957      2.378      1.373  |   6483.683
32.300 |   1897.728   1359.078    978.633    707.439    508.331    368.707    267.297    193.386    139.404     99.954     71.150     50.177     34.978     24.040     16.242     10.753      6.949      4.366      2.654      1.552  |   6742.818
32.350 |   1967.240   1409.920   1016.130    735.293    528.971    384.212    278.993    202.236    146.112    105.041     75.004     53.088     37.166     25.671     17.446     11.629      7.576      4.804      2.952      1.749  |   7011.234
32.400 |   2039.156   1462.530   1054.938    764.126    550.341    400.270    291.111    211.409    153.071    110.323     79.011     56.120     39.450     27.380     18.712     12.555      8.242      5.273      3.274      1.963  |   7289.255
32.450 |   2113.560   1516.970   1095.103    793.973    572.468    416.902    303.666    220.918    160.288    115.807     83.175     59.276     41.832     29.167     20.041     13.531      8.948      5.774      3.621      2.196  |   7577.219
32.500 |   2190.540   1573.306   1136.674    824.871    595.380    434.128    316.674    230.774    167.774    121.499     87.503     62.561     44.317     31.035     21.434     14.559      9.695      6.308      3.993      2.449  |   7875.474
32.550 |   2270.187   1631.602   1179.700    856.857    619.103    451.969    330.151    240.989    175.537    127.406     91.999     65.979     46.906     32.987     22.895     15.640     10.486      6.875      4.392      2.722  |   8184.383
32.600 |   2352.593   1691.930   1224.234    889.970    643.666    470.447    344.113    251.577    183.587    133.537     96.670     69.533     49.604     35.025     24.424     16.777     11.320      7.478      4.819      3.017  |   8504.320
32.650 |   2437.855   1754.361   1270.328    924.250    669.101    489.584    358.577    262.551    191.935    139.898    101.520     73.229     52.413     37.153     26.025     17.971     12.200      8.117      5.274      3.334  |   8835.675
32.700 |   2526.074   1818.968   1318.038    959.738    695.438    509.405    373.563    273.923    200.590    146.498    106.557     77.071     55.338     39.372     27.698     19.223     13.127      8.794      5.760      3.674  |   9178.850
32.750 |   2617.354   1885.829   1367.422    996.478    722.710    529.934    389.088    285.709    209.564    153.345    111.786     81.064     58.383     41.685     29.448     20.536     14.103      9.509      6.276      4.039  |   9534.262
32.800 |   2711.801   1955.024   1418.539   1034.515    750.949    551.196    405.172    297.923    218.868    160.448    117.215     85.213     61.550     44.096     31.275     21.911     15.128     10.265      6.824      4.429  |   9902.344
32.850 |   2809.527   2026.635   1471.451   1073.896    780.192    573.219    421.836    310.582    228.514    167.815    122.849     89.524     64.845     46.609     33.182     23.351     16.205     11.062      7.405      4.845  |  10283.543
32.900 |   2910.647   2100.748   1526.221   1114.667    810.474    596.029    439.099    323.699    238.514    175.457    128.698     94.002     68.271     49.225     35.173     24.857     17.335     11.901      8.020      5.288  |  10678.324
32.950 |   3015.280   2177.450   1582.916   1156.879    841.832    619.654    456.984    337.293    248.881    183.382    134.767     98.653     71.834     51.949     37.249     26.431     18.520     12.784      8.670      5.760  |  11087.169
33.000 |   3123.550   2256.833   1641.605   1200.584    874.305    644.125    475.514    351.381    259.628    191.602    141.065    103.482     75.537     54.784     39.413     28.075     19.762     13.713      9.357      6.260  |  11510.575
33.050 |   3235.583   2338.993   1702.358   1245.834    907.934    669.472    494.711    365.980    270.768    200.126    147.599    108.497     79.385     57.734     41.669     29.793     21.062     14.689     10.082      6.790  |  11949.060
33.100 |   3351.512   2424.027   1765.249   1292.687    942.759    695.727    514.600    381.110    282.317    208.966    154.380    113.704     83.384     60.803     44.018     31.586     22.422     15.713     10.845      7.352  |  12403.159
33.150 |   3471.474   2512.037   1830.354   1341.198    978.825    722.922    535.206    396.788    294.289    218.133    161.414    119.109     87.539     63.995     46.466     33.456     23.844     16.787     11.648      7.945  |  12873.427
33.200 |   3595.609   2603.128   1897.751   1391.427   1016.176    751.092    556.555    413.037    306.699    227.639    168.712    124.719     91.855     67.313     49.014     35.406     25.330     17.912     12.493      8.572  |  13360.438
33.250 |   3724.065   2697.408   1967.523   1443.436   1054.857    780.271    578.674    429.875    319.563    237.497    176.283    130.543     96.338     70.764     51.666     37.440     26.883     19.090     13.380      9.233  |  13864.789
33.300 |   3856.993   2794.992   2039.754   1497.289   1094.918    810.497    601.592    447.325    332.899    247.718    184.136    136.587    100.994     74.350     54.426     39.559     28.503     20.323     14.311      9.930  |  14387.097
33.350 |   3994.550   2895.995   2114.531   1553.052   1136.408    841.808    625.336    465.409    346.722    258.318    192.283    142.860    105.829     78.078     57.297     41.766     30.195     21.613     15.288     10.663  |  14928.001
33.400 |   4136.898   3000.538   2191.945   1610.793   1179.379    874.243    649.939    484.151    361.052    269.308    200.734    149.370    110.850     81.951     60.284     44.065     31.959     22.961     16.311     11.433  |  15488.165
33.450 |   4284.206   3108.747   2272.090   1670.583   1223.884    907.843    675.430    503.574    375.907    280.704    209.499    156.125    116.063     85.976     63.390     46.459     33.799     24.370     17.383     12.243  |  16068.274
33.500 |   4436.646   3220.750   2355.064   1732.497   1269.978    942.649    701.843    523.704    391.305    292.521    218.591    163.135    121.474     90.157     66.619     48.950     35.717     25.841     18.505     13.093  |  16669.041
33.550 |   4594.400   3336.683   2440.967   1796.609   1317.719    978.707    729.211    544.566    407.268    304.775    228.022    170.409    127.093     94.500     69.976     51.543     37.716     27.376     19.679     13.984  |  17291.203
33.600 |   4757.653   3456.684   2529.903   1862.999   1367.166   1016.061    757.569    566.188    423.816    317.480    237.804    177.957    132.925     99.011     73.466     54.241     39.798     28.978     20.906     14.919  |  17935.524
33.650 |   4926.599   3580.896   2621.980   1931.749   1418.382   1054.759    786.953    588.596    440.970    330.655    247.950    185.788    138.980    103.697     77.094     57.048     41.966     30.649     22.189     15.897  |  18602.795
33.700 |   5101.436   3709.470   2717.311   2002.942   1471.429   1094.849    817.401    611.821    458.753    344.316    258.474    193.913    145.264    108.563     80.863     59.967     44.224     32.391     23.528     16.922  |  19293.837
33.750 |   5282.373   3842.558   2816.011   2076.668   1526.375   1136.382    848.951    635.893    477.188    358.481    269.390    202.344    151.787    113.616     84.780     63.002     46.574     34.207     24.926     17.994  |  20009.499
33.800 |   5469.622   3980.320   2918.200   2153.017   1583.287   1179.412    881.645    660.841    496.299    373.170    280.711    211.091    158.558    118.863     88.850     66.159     49.020     36.099     26.386     19.115  |  20750.663
33.850 |   5663.404   4122.922   3024.002   2232.082   1642.237   1223.991    915.523    686.700    516.112    388.401    292.454    220.166    165.585    124.312     93.078     69.440     51.565     38.070     27.908     20.286  |  21518.239
33.900 |   5863.950   4270.534   3133.547   2313.962   1703.298   1270.176    950.630    713.502    536.652    404.196    304.634    229.582    172.878    129.969     97.471     72.852     54.213     40.123     29.496     21.510  |  22313.174
33.950 |   6071.496   4423.333   3246.966   2398.757   1766.547   1318.027    987.010    741.281    557.947    420.574    317.268    239.351    180.447    135.843    102.034     76.398     56.968     42.260     31.152     22.788  |  23136.446
34.000 |   6286.287   4581.504   3364.399   2486.572   1832.063   1367.603   1024.710    770.075    580.023    437.557    330.371    249.486    188.303    141.942    106.773     80.083     59.833     44.486     32.877     24.122  |  23989.070
34.050 |   6508.578   4745.235   3485.988   2577.515   1899.928   1418.968   1063.778    799.921    602.911    455.169    343.963    260.002    196.456    148.274    111.696     83.913     62.813     46.802     34.675     25.514  |  24872.097
34.100 |   6738.631   4914.723   3611.881   2671.698   1970.226   1472.186   1104.265    830.856    626.640    473.432    358.061    270.913    204.918    154.847    116.809     87.893     65.911     49.213     36.548     26.966  |  25786.616
34.150 |   6976.719   5090.172   3742.231   2769.238   2043.045   1527.325   1146.222    862.923    651.241    492.371    372.684    282.232    213.700    161.672    122.119     92.028     69.132     51.721     38.499     28.480  |  26733.755
34.200 |   7223.123   5271.792   3877.198   2870.256   2118.477   1584.455   1189.704    896.161    676.748    512.011    387.852    293.977    222.813    168.757    127.635     96.325     72.481     54.331     40.530     30.058  |  27714.683
34.250 |   7478.135   5459.801   4016.945   2974.875   2196.617   1643.648   1234.766    930.615    703.193    532.378    403.585    306.162    232.272    176.112    133.362    100.790     75.963     57.045     42.645     31.703  |  28730.611
34.300 |   7742.056   5654.425   4161.642   3083.225   2277.561   1704.980   1281.466    966.330    730.612    553.499    419.905    318.805    242.088    183.747    139.310    105.428     79.582     59.869     44.847     33.418  |  29782.794
34.350 |   8015.199   5855.897   4311.466   3195.441   2361.412   1768.528   1329.864   1003.351    759.040    575.404    436.833    331.922    252.275    191.674    145.487    110.247     83.343     62.806     47.138     35.203  |  30872.530
34.400 |   8297.887   6064.459   4466.600   3311.659   2448.274   1834.374   1380.023   1041.727    788.515    598.120    454.393    345.532    262.847    199.902    151.901    115.253     87.253     65.860     49.523     37.064  |  32001.167
34.450 |   8590.455   6280.363   4627.232   3432.025   2538.256   1902.599   1432.008   1081.509    819.076    621.678    472.608    359.653    273.820    208.445    158.563    120.453     91.316     69.035     52.004     39.001  |  33170.099
34.500 |   8893.249   6503.867   4793.558   3556.687   2631.471   1973.293   1485.884   1122.748    850.764    646.110    491.503    374.305    285.207    217.313    165.480    125.855     95.539     72.337     54.586     41.018  |  34380.772
34.550 |   9206.627   6735.239   4965.781   3685.799   2728.036   2046.543   1541.722   1165.498    883.620    671.449    511.104    389.507    297.025    226.519    172.662    131.467     99.927     75.770     57.272     43.118  |  35634.683
34.600 |   9530.960   6974.758   5144.111   3819.521   2828.071   2122.444   1599.593   1209.814    917.687    697.727    531.436    405.280    309.291    236.075    180.121    137.296    104.487     79.339     60.066     45.304  |  36933.382
34.650 |   9866.632   7222.711   5328.764   3958.018   2931.703   2201.091   1659.572   1255.755    953.012    724.982    552.528    421.647    322.021    245.997    187.867    143.351    109.225     83.050     62.972     47.579  |  38278.476
34.700 |  10214.041   7479.396   5519.967   4101.461   3039.061   2282.585   1721.736   1303.381    989.640    753.248    574.408    438.629    335.233    256.296    195.909    149.640    114.149     86.907     65.994     49.947  |  39671.630
34.750 |  10573.598   7745.122   5717.952   4250.027   3150.280   2367.030   1786.166   1352.753   1027.620    782.565    597.106    456.250    348.945    266.988    204.261    156.173    119.265     90.916     69.138     52.411  |  41114.568
34.800 |  10945.729   8020.209   5922.960   4403.901   3265.500   2454.532   1852.944   1403.937   1067.002    812.971    620.653    474.535    363.176    278.088    212.934    162.959    124.581     95.084     72.406     54.975  |  42609.076
34.850 |  11330.874   8304.985   6135.242   4563.273   3384.864   2545.204   1922.157   1456.999   1107.839    844.507    645.080    493.507    377.947    289.611    221.940    170.008    130.104     99.416     75.806     57.643  |  44157.005
34.900 |  11729.490   8599.794   6355.057   4728.339   3508.523   2639.160   1993.894   1512.009   1150.184    877.215    670.422    513.194    393.277    301.574    231.291    177.330    135.843    103.919     79.340     60.418  |  45760.273
34.950 |  12142.047   8904.991   6582.672   4899.305   3636.632   2736.520   2068.248   1569.038   1194.095    911.140    696.712    533.622    409.188    313.993    241.002    184.935    141.806    108.599     83.016     63.305  |  47420.865
35.000 |  12569.036   9220.941   6818.365   5076.381   3769.352   2837.408   2145.313   1628.161   1239.628    946.326    723.986    554.820    425.703    326.886    251.087    192.834    148.002    113.463     86.837     66.308  |  49140.838

totals | 359449.120 260139.939 189636.314 139088.683 101669.679  75271.920  55922.508  41662.325  31104.164  23256.520  17404.769  13029.995   9752.877   7294.500   5448.695   4062.364   3021.352   2240.248   1654.948   1217.222  |1342328.142

